2.187761623949552026e+19 5.999124804547369960e-01 -6.073200595102502541e-01 5.208333333333332593e-01 6.011684574521237972e-14
4.570881896148751974e+19 5.893784386720484214e-01 -6.040244304874768932e-01 5.364583333333332593e-01 5.964255885926234769e-27
1.000000000000000164e+20 6.073200595102499211e-01 -5.999124804547372181e-01 5.208333333333332593e-01 2.859789666139652332e-63
1.047128548050898289e+20 5.819217506353321356e-01 -6.112115286336906594e-01 5.364583333333332593e-01 1.798294893547522349e-60
1.047128548050898289e+20 5.893784386720484214e-01 -6.040244304874768932e-01 5.364583333333332593e-01 1.343931055737289574e-59
1.148153621496879350e+20 6.058592490731654623e-01 -6.058592490731656843e-01 5.156250000000000000e-01 5.520173816123227030e-66
1.202264434617418056e+20 5.939402247351592834e-01 -6.086995764513920548e-01 5.260416666666666297e-01 1.850917771656313055e-81
1.258925411794171331e+20 5.939402247351592834e-01 -6.086995764513920548e-01 5.260416666666666297e-01 1.850917771656313055e-81
1.258925411794171331e+20 6.013651822855041740e-01 -6.013651822855043960e-01 5.260416666666666297e-01 5.858695976542288783e-72
1.445439770745927926e+20 5.907309824942055254e-01 -5.980251905594384798e-01 5.416666666666666297e-01 1.076024820917935771e-88
1.584893192461110804e+20 5.907309824942055254e-01 -5.980251905594384798e-01 5.416666666666666297e-01 1.076024820917935771e-88
2.187761623949551534e+20 5.907309824942055254e-01 -5.980251905594384798e-01 5.416666666666666297e-01 2.742898138881056500e-69
2.884031503126611886e+20 5.967463684838066884e-01 -5.967463684838067994e-01 5.364583333333332593e-01 2.975090011281034305e-86
7.943282347242788864e+18 5.067677755904631542e-01 -8.112440922303529867e-01 2.916666666666666297e-01 1.186311270731656460e-05
7.943282347242788864e+18 5.612486513542319644e-01 -7.764931259302587652e-01 2.864583333333333148e-01 1.186311270731656460e-05
8.317637711026742272e+18 4.575494320537374926e-01 -7.741074003181356300e-01 4.375000000000000000e-01 1.069292488756125918e-05
8.317637711026742272e+18 5.019988608892129722e-01 -7.716276647716386883e-01 3.906250000000000000e-01 1.069292488756125918e-05
8.317637711026742272e+18 6.462059359253784496e-01 -6.704452859334318893e-01 3.645833333333333148e-01 5.509138202361697249e-06
8.317637711026742272e+18 7.020443625742071037e-01 -6.207751562159988801e-01 3.489583333333333148e-01 7.939638129069157598e-06
8.317637711026742272e+18 5.397075530503756546e-01 -7.970979003459560674e-01 2.708333333333333148e-01 1.069292488756125918e-05
8.317637711026742272e+18 5.756129108432108676e-01 -8.173075360400320344e-01 -2.604166666666666435e-02 1.069292488756125918e-05
8.709635899560833024e+18 5.429373658050661300e-01 -7.320662925877761129e-01 4.114583333333333148e-01 4.468998015268501591e-04
8.709635899560833024e+18 6.624648617532780115e-01 -6.543846728016831094e-01 3.645833333333333148e-01 1.276391084708218671e-06
8.709635899560833024e+18 6.343776316231830581e-01 -6.999278569046676335e-01 3.281250000000000000e-01 4.468998015268501591e-04
8.709635899560833024e+18 6.526473454566782406e-01 -7.472793603923176819e-01 1.250000000000000000e-01 4.468998015268501591e-04
9.120108393559115776e+18 4.575494320537374926e-01 -7.741074003181356300e-01 4.375000000000000000e-01 2.713865697922865209e-06
9.120108393559115776e+18 5.019988608892129722e-01 -7.716276647716386883e-01 3.906250000000000000e-01 2.713865697922865209e-06
9.120108393559115776e+18 6.624648617532780115e-01 -6.543846728016831094e-01 3.645833333333333148e-01 3.092124266081807442e-06
9.120108393559115776e+18 5.627180029630792779e-01 -7.587373943046724634e-01 3.281250000000000000e-01 3.332661136409077874e-06
9.120108393559115776e+18 6.257406726609868741e-01 -7.076599430183793116e-01 3.281250000000000000e-01 5.071060258894704885e-06
9.120108393559115776e+18 5.517254938176721080e-01 -7.732675665457887648e-01 3.125000000000000000e-01 3.332661136409077874e-06
9.120108393559115776e+18 5.189396461221953416e-01 -7.976675217656745698e-01 3.072916666666666297e-01 2.967864531819507103e-06
9.120108393559115776e+18 5.397075530503756546e-01 -7.970979003459560674e-01 2.708333333333333148e-01 2.713865697922865209e-06
9.120108393559115776e+18 5.756129108432108676e-01 -8.173075360400320344e-01 -2.604166666666666435e-02 2.713865697922865209e-06
9.549925860214368256e+18 4.575494320537374926e-01 -7.741074003181356300e-01 4.375000000000000000e-01 4.373669498963719829e-07
9.549925860214368256e+18 5.019988608892129722e-01 -7.716276647716386883e-01 3.906250000000000000e-01 4.373669498963719829e-07
9.549925860214368256e+18 6.619800645141888928e-01 -6.459288021521251144e-01 3.802083333333333148e-01 2.822033523302674681e-04
9.549925860214368256e+18 6.543846728016827763e-01 -6.624648617532782335e-01 3.645833333333333148e-01 2.822033523302674681e-04
9.549925860214368256e+18 6.257406726609868741e-01 -7.076599430183793116e-01 3.281250000000000000e-01 9.811350058426906813e-07
9.549925860214368256e+18 5.397075530503756546e-01 -7.970979003459560674e-01 2.708333333333333148e-01 4.373669498963719829e-07
9.549925860214368256e+18 5.756129108432108676e-01 -8.173075360400320344e-01 -2.604166666666666435e-02 4.373669498963719829e-07
1.000000000000000000e+19 4.575494320537374926e-01 -7.741074003181356300e-01 4.375000000000000000e-01 1.620706290692342444e-06
1.000000000000000000e+19 5.019988608892129722e-01 -7.716276647716386883e-01 3.906250000000000000e-01 1.620706290692342444e-06
1.000000000000000000e+19 6.619800645141888928e-01 -6.459288021521251144e-01 3.802083333333333148e-01 1.966685991067068390e-04
1.000000000000000000e+19 6.543846728016827763e-01 -6.624648617532782335e-01 3.645833333333333148e-01 1.966685991067068390e-04
1.000000000000000000e+19 5.397075530503756546e-01 -7.970979003459560674e-01 2.708333333333333148e-01 1.620706290692342444e-06
1.000000000000000000e+19 5.756129108432108676e-01 -8.173075360400320344e-01 -2.604166666666666435e-02 1.620706290692342444e-06
1.047128548050898534e+19 5.789030273861768272e-01 -7.417956759200439176e-01 3.385416666666666297e-01 1.482555427425374321e-04
1.096478196143182848e+19 6.674601887810346357e-01 -6.433287622921779469e-01 3.750000000000000000e-01 2.780723644437012162e-07
1.096478196143182848e+19 6.707387261978166038e-01 -6.544750894997859447e-01 3.489583333333333148e-01 1.012428701949536395e-07
1.096478196143182848e+19 5.684398939063720624e-01 -7.567039800375053860e-01 3.229166666666666297e-01 1.012428701949536395e-07
1.096478196143182848e+19 6.367644721788473516e-01 -7.025613296370284422e-01 3.177083333333333148e-01 2.780723644437012162e-07
1.096478196143182848e+19 5.344263269285769447e-01 -8.105481648085564039e-01 2.395833333333333148e-01 2.780723644437012162e-07
1.096478196143182848e+19 6.329374515872594475e-01 -7.712365162357445181e-01 6.770833333333332871e-02 2.780723644437012162e-07
1.148153621496879309e+19 6.707387261978166038e-01 -6.544750894997859447e-01 3.489583333333333148e-01 1.544695626767700924e-07
1.148153621496879309e+19 5.789030273861768272e-01 -7.417956759200439176e-01 3.385416666666666297e-01 4.939128541309063316e-08
1.148153621496879309e+19 5.684398939063720624e-01 -7.567039800375053860e-01 3.229166666666666297e-01 1.544695626767700924e-07
1.202264434617417933e+19 6.207751562159979919e-01 -7.020443625742078808e-01 3.489583333333333148e-01 5.419105334665231565e-08
1.202264434617417933e+19 5.789030273861768272e-01 -7.417956759200439176e-01 3.385416666666666297e-01 5.278619555011299845e-08
1.202264434617417933e+19 5.042071018431855123e-01 -8.182763571769529065e-01 2.760416666666666297e-01 5.294738214149544918e-05
1.202264434617417933e+19 7.639104657902778817e-01 -6.427740389799795340e-01 5.729166666666666435e-02 5.419105334665231565e-08
1.258925411794171290e+19 6.674601887810346357e-01 -6.433287622921779469e-01 3.750000000000000000e-01 4.974993651061927860e-08
1.258925411794171290e+19 6.207751562159979919e-01 -7.020443625742078808e-01 3.489583333333333148e-01 4.483878264287144324e-08
1.258925411794171290e+19 6.707387261978166038e-01 -6.544750894997859447e-01 3.489583333333333148e-01 3.854096776165380717e-05
1.258925411794171290e+19 5.684398939063720624e-01 -7.567039800375053860e-01 3.229166666666666297e-01 3.854096776165380717e-05
1.258925411794171290e+19 6.367644721788473516e-01 -7.025613296370284422e-01 3.177083333333333148e-01 4.974993651061927860e-08
1.258925411794171290e+19 6.538144087668896764e-01 -6.867227488727587481e-01 3.177083333333333148e-01 4.509450767106001892e-08
1.258925411794171290e+19 6.507731428279381891e-01 -6.919812617216221096e-01 3.125000000000000000e-01 4.509450767106001892e-08
1.258925411794171290e+19 6.804991406669186338e-01 -6.721989847561067322e-01 2.916666666666666297e-01 3.341474061204166720e-05
1.258925411794171290e+19 5.344263269285769447e-01 -8.105481648085564039e-01 2.395833333333333148e-01 4.974993651061927860e-08
1.258925411794171290e+19 6.329374515872594475e-01 -7.712365162357445181e-01 6.770833333333332871e-02 4.974993651061927860e-08
1.258925411794171290e+19 7.639104657902778817e-01 -6.427740389799795340e-01 5.729166666666666435e-02 4.483878264287144324e-08
1.318256738556410266e+19 5.955452806593336534e-01 -6.990291774358334820e-01 3.958333333333333148e-01 2.328618243308142376e-08
1.318256738556410266e+19 6.679151625198223030e-01 -6.517199897587302448e-01 3.593750000000000000e-01 4.515256724886662782e-09
1.318256738556410266e+19 6.404124627183066520e-01 -6.893920637239951965e-01 3.385416666666666297e-01 2.321668780962268539e-05
1.318256738556410266e+19 6.453380332399016872e-01 -6.946943484616893150e-01 3.177083333333333148e-01 2.321668780962268539e-05
1.380384264602886554e+19 6.319634342859583587e-01 -6.091153612256490213e-01 4.791666666666666297e-01 7.654404435053929243e-09
1.380384264602886554e+19 6.183254768351452713e-01 -6.906870526487305373e-01 3.750000000000000000e-01 7.654404435053929243e-09
1.380384264602886554e+19 6.783247435196134711e-01 -6.379298828120580911e-01 3.645833333333333148e-01 7.654404435053929243e-09
1.380384264602886554e+19 6.378172214802406703e-01 -6.865983349677218239e-01 3.489583333333333148e-01 2.241124141064133993e-09
1.380384264602886554e+19 6.459030762163043837e-01 -6.868028137851531767e-01 3.333333333333333148e-01 2.241124141064133993e-09
1.380384264602886554e+19 6.137717994217001261e-01 -7.204227957411794003e-01 3.229166666666666297e-01 2.241124141064133993e-09
1.380384264602886554e+19 5.981045452674021989e-01 -7.379801507699743635e-01 3.125000000000000000e-01 7.654404435053929243e-09
1.380384264602886554e+19 6.422324662609305568e-01 -6.999151443428001107e-01 3.125000000000000000e-01 6.550281499202511356e-09
1.380384264602886554e+19 5.762136198062018932e-01 -7.573306384579037154e-01 3.072916666666666297e-01 7.654404435053929243e-09
1.380384264602886554e+19 6.645855800173818828e-01 -6.811004613345833514e-01 3.072916666666666297e-01 6.550281499202511356e-09
1.445439770745927885e+19 6.477521059777505696e-01 -6.477521059777507917e-01 4.010416666666666297e-01 2.934676699750453491e-09
1.445439770745927885e+19 6.125303616305451948e-01 -7.013455276369194857e-01 3.645833333333333148e-01 2.934676699750453491e-09
1.445439770745927885e+19 6.095364767641631154e-01 -7.066221712265550181e-01 3.593750000000000000e-01 2.934676699750453491e-09
1.445439770745927885e+19 6.679151625198223030e-01 -6.517199897587302448e-01 3.593750000000000000e-01 2.735842194817647922e-09
1.445439770745927885e+19 6.404124627183066520e-01 -6.893920637239951965e-01 3.385416666666666297e-01 4.615416537963296938e-09
1.445439770745927885e+19 6.453380332399016872e-01 -6.946943484616893150e-01 3.177083333333333148e-01 4.615416537963296938e-09
1.445439770745927885e+19 6.335950718468225107e-01 -7.077436223177286934e-01 3.125000000000000000e-01 2.744405509442800069e-09
1.513561248436207206e+19 6.319634342859583587e-01 -6.091153612256490213e-01 4.791666666666666297e-01 1.692682510566960764e-09
1.513561248436207206e+19 6.183254768351452713e-01 -6.906870526487305373e-01 3.750000000000000000e-01 1.692682510566960764e-09
1.513561248436207206e+19 6.783247435196134711e-01 -6.379298828120580911e-01 3.645833333333333148e-01 1.692682510566960764e-09
1.513561248436207206e+19 6.378172214802406703e-01 -6.865983349677218239e-01 3.489583333333333148e-01 9.729055430756246997e-10
1.513561248436207206e+19 6.459030762163043837e-01 -6.868028137851531767e-01 3.333333333333333148e-01 9.729055430756246997e-10
1.513561248436207206e+19 6.137717994217001261e-01 -7.204227957411794003e-01 3.229166666666666297e-01 9.729055430756246997e-10
1.513561248436207206e+19 5.981045452674021989e-01 -7.379801507699743635e-01 3.125000000000000000e-01 1.692682510566960764e-09
1.513561248436207206e+19 5.762136198062018932e-01 -7.573306384579037154e-01 3.072916666666666297e-01 1.692682510566960764e-09
1.584893192461110886e+19 6.319634342859583587e-01 -6.091153612256490213e-01 4.791666666666666297e-01 6.112533491951812499e-10
1.584893192461110886e+19 5.897882029952457028e-01 -7.009389825119308748e-01 4.010416666666666297e-01 3.544352944027665667e-06
1.584893192461110886e+19 5.955452806593336534e-01 -6.990291774358334820e-01 3.958333333333333148e-01 8.421046796094835665e-10
1.584893192461110886e+19 6.183254768351452713e-01 -6.906870526487305373e-01 3.750000000000000000e-01 6.112533491951812499e-10
1.584893192461110886e+19 6.783247435196134711e-01 -6.379298828120580911e-01 3.645833333333333148e-01 6.112533491951812499e-10
1.584893192461110886e+19 6.048848876141758035e-01 -7.279004733649200309e-01 3.229166666666666297e-01 3.544352944027665667e-06
1.584893192461110886e+19 6.483819555287432257e-01 -6.894386601675392967e-01 3.229166666666666297e-01 3.544352944027665667e-06
1.584893192461110886e+19 5.981045452674021989e-01 -7.379801507699743635e-01 3.125000000000000000e-01 6.112533491951812499e-10
1.584893192461110886e+19 6.071156607694195850e-01 -7.305849193957612009e-01 3.125000000000000000e-01 3.544352944027665667e-06
1.584893192461110886e+19 5.762136198062018932e-01 -7.573306384579037154e-01 3.072916666666666297e-01 6.112533491951812499e-10
1.584893192461110886e+19 5.854638439051557119e-01 -7.502025853574629810e-01 3.072916666666666297e-01 3.544352944027665667e-06
1.584893192461110886e+19 5.950283130291459388e-01 -7.528876039580468804e-01 2.812500000000000000e-01 1.654723854352768867e-10
1.659586907437556326e+19 6.354394616393286288e-01 -6.432857195526798799e-01 4.270833333333333148e-01 1.443346602144696662e-10
1.659586907437556326e+19 6.477521059777505696e-01 -6.477521059777507917e-01 4.010416666666666297e-01 1.443346602144696662e-10
1.659586907437556326e+19 6.453380332399016872e-01 -6.946943484616893150e-01 3.177083333333333148e-01 1.443346602144696662e-10
1.659586907437556326e+19 5.668766200555848123e-01 -7.643446403498741493e-01 3.072916666666666297e-01 1.443346602144696662e-10
1.659586907437556326e+19 6.390658300601974595e-01 -7.051004867724124381e-01 3.072916666666666297e-01 1.654723854352768867e-10
1.659586907437556326e+19 6.476703771972360801e-01 -6.972050732018608699e-01 3.072916666666666297e-01 2.395462534778925786e-10
1.737800828749369139e+19 6.397329283227173313e-01 -6.319300043672883005e-01 4.375000000000000000e-01 1.167913810970225284e-10
1.737800828749369139e+19 6.037446655388721828e-01 -6.827843135016438136e-01 4.114583333333333148e-01 2.889358460550135004e-11
1.737800828749369139e+19 6.319043397338142132e-01 -6.971989998243884878e-01 3.385416666666666297e-01 2.889358460550135004e-11
1.737800828749369139e+19 6.257406726609868741e-01 -7.076599430183793116e-01 3.281250000000000000e-01 2.889358460550135004e-11
1.737800828749369139e+19 6.071156607694195850e-01 -7.305849193957612009e-01 3.125000000000000000e-01 1.167913810970225284e-10
1.737800828749369139e+19 6.335950718468225107e-01 -7.077436223177286934e-01 3.125000000000000000e-01 2.889358460550135004e-11
1.737800828749369139e+19 6.592158153533659304e-01 -6.839431692677375718e-01 3.125000000000000000e-01 1.167913810970225284e-10
1.737800828749369139e+19 6.476703771972360801e-01 -6.972050732018608699e-01 3.072916666666666297e-01 2.000457966126677930e-11
1.819700858609990246e+19 6.032517719123368094e-01 -6.336151505919237481e-01 4.843750000000000000e-01 2.870643764450222531e-11
1.819700858609990246e+19 5.846456797571760733e-01 -6.694176459407275015e-01 4.583333333333333148e-01 2.870643764450222531e-11
1.819700858609990246e+19 6.319300043672879674e-01 -6.397329283227176644e-01 4.375000000000000000e-01 2.870643764450222531e-11
1.819700858609990246e+19 5.605240954175542134e-01 -7.557792524189110850e-01 3.385416666666666297e-01 2.870643764450222531e-11
1.819700858609990246e+19 6.429190556474818630e-01 -6.920903642302427272e-01 3.281250000000000000e-01 2.870643764450222531e-11
1.819700858609990246e+19 6.621923222488347305e-01 -6.786477313638136222e-01 3.177083333333333148e-01 2.870643764450222531e-11
1.819700858609990246e+19 6.476703771972360801e-01 -6.972050732018608699e-01 3.072916666666666297e-01 6.055575395618795256e-11
1.819700858609990246e+19 6.412826255776840068e-01 -7.075463437169270398e-01 2.968750000000000000e-01 2.870643764450222531e-11
1.819700858609990246e+19 5.986733145945124512e-01 -7.480186399123412988e-01 2.864583333333333148e-01 2.870643764450222531e-11
1.905460717963252122e+19 5.763868727414398485e-01 -6.765417418658651316e-01 4.583333333333333148e-01 9.248068809068578467e-12
1.905460717963252122e+19 6.397329283227173313e-01 -6.319300043672883005e-01 4.375000000000000000e-01 5.340085996947528886e-12
1.905460717963252122e+19 6.071156607694195850e-01 -7.305849193957612009e-01 3.125000000000000000e-01 5.340085996947528886e-12
1.905460717963252122e+19 6.592158153533659304e-01 -6.839431692677375718e-01 3.125000000000000000e-01 5.340085996947528886e-12
1.995262314968882790e+19 6.032517719123368094e-01 -6.336151505919237481e-01 4.843750000000000000e-01 2.652696371665871335e-07
1.995262314968882790e+19 5.846456797571760733e-01 -6.694176459407275015e-01 4.583333333333333148e-01 2.652696371665871335e-07
1.995262314968882790e+19 6.319300043672879674e-01 -6.397329283227176644e-01 4.375000000000000000e-01 2.652696371665871335e-07
1.995262314968882790e+19 6.037446655388721828e-01 -6.827843135016438136e-01 4.114583333333333148e-01 3.627227450563520252e-12
1.995262314968882790e+19 5.605240954175542134e-01 -7.557792524189110850e-01 3.385416666666666297e-01 2.652696371665871335e-07
1.995262314968882790e+19 6.319043397338142132e-01 -6.971989998243884878e-01 3.385416666666666297e-01 3.627227450563520252e-12
1.995262314968882790e+19 6.257406726609868741e-01 -7.076599430183793116e-01 3.281250000000000000e-01 3.627227450563520252e-12
1.995262314968882790e+19 6.429190556474818630e-01 -6.920903642302427272e-01 3.281250000000000000e-01 2.652696371665871335e-07
1.995262314968882790e+19 6.621923222488347305e-01 -6.786477313638136222e-01 3.177083333333333148e-01 2.652696371665871335e-07
1.995262314968882790e+19 6.335950718468225107e-01 -7.077436223177286934e-01 3.125000000000000000e-01 3.627227450563520252e-12
1.995262314968882790e+19 6.390658300601974595e-01 -7.051004867724124381e-01 3.072916666666666297e-01 1.827361676596657863e-12
1.995262314968882790e+19 6.476703771972360801e-01 -6.972050732018608699e-01 3.072916666666666297e-01 2.505632243953558942e-07
1.995262314968882790e+19 6.412826255776840068e-01 -7.075463437169270398e-01 2.968750000000000000e-01 2.652696371665871335e-07
1.995262314968882790e+19 5.986733145945124512e-01 -7.480186399123412988e-01 2.864583333333333148e-01 2.652696371665871335e-07
2.089296130854040781e+19 6.262100106417728407e-01 -6.417712631220355846e-01 4.427083333333333148e-01 6.734222010838800708e-13
2.089296130854040781e+19 6.340383788057399883e-01 -6.340383788057402104e-01 4.427083333333333148e-01 6.734222010838800708e-13
2.089296130854040781e+19 6.397329283227173313e-01 -6.319300043672883005e-01 4.375000000000000000e-01 6.734222010838800708e-13
2.089296130854040781e+19 6.354394616393286288e-01 -6.432857195526798799e-01 4.270833333333333148e-01 6.734222010838800708e-13
2.187761623949552026e+19 6.397544166673175825e-01 -6.556522462036429300e-01 4.010416666666666297e-01 6.352290706691623736e-08
2.290867652767770214e+19 6.444773230807099296e-01 -6.444773230807101516e-01 4.114583333333333148e-01 1.024993998890009339e-13
2.398832919019484774e+19 6.217820419909647622e-01 -6.530781019052023240e-01 4.322916666666666297e-01 1.829382622227079527e-14
2.398832919019484774e+19 6.432857195526795469e-01 -6.354394616393289619e-01 4.270833333333333148e-01 1.829382622227079527e-14
2.511886431509571994e+19 6.217820419909647622e-01 -6.530781019052023240e-01 4.322916666666666297e-01 6.413699244903290197e-16
2.511886431509571994e+19 6.432857195526795469e-01 -6.354394616393289619e-01 4.270833333333333148e-01 6.413699244903290197e-16
2.511886431509571994e+19 6.397544166673175825e-01 -6.556522462036429300e-01 4.010416666666666297e-01 1.268383678420715727e-08
2.630267991895370547e+19 6.030636127066490992e-01 -6.491867237498727405e-01 4.635416666666666297e-01 1.830144020548546027e-16
2.630267991895370547e+19 6.204627489370507787e-01 -6.437364654139927644e-01 4.479166666666666297e-01 6.232568182877629840e-16
2.630267991895370547e+19 6.453987041915686396e-01 -6.297494958778447893e-01 4.322916666666666297e-01 1.830144020548546027e-16
2.630267991895370547e+19 6.432857195526795469e-01 -6.354394616393289619e-01 4.270833333333333148e-01 7.643460900808412818e-16
2.754228703338174464e+19 6.308612402182003365e-01 -6.545250067638692659e-01 4.166666666666666297e-01 2.194832207976079733e-16
2.884031503126611558e+19 6.030636127066490992e-01 -6.491867237498727405e-01 4.635416666666666297e-01 3.653116104316298738e-17
2.884031503126611558e+19 6.109847228608114023e-01 -6.417373229714682381e-01 4.635416666666666297e-01 1.777358853918616982e-09
2.884031503126611558e+19 6.376221118070465321e-01 -6.376221118070466432e-01 4.322916666666666297e-01 3.566100562162275756e-17
2.884031503126611558e+19 6.453987041915686396e-01 -6.297494958778447893e-01 4.322916666666666297e-01 3.653116104316298738e-17
2.884031503126611558e+19 6.354394616393286288e-01 -6.432857195526798799e-01 4.270833333333333148e-01 3.566100562162275756e-17
2.884031503126611558e+19 6.331856233665634770e-01 -6.489202190846702356e-01 4.218750000000000000e-01 1.777358853918616982e-09
3.019951720402019123e+19 6.149533012614323280e-01 -6.302348257051136882e-01 4.739583333333333148e-01 6.662471670279127572e-18
3.019951720402019123e+19 6.225654047944001457e-01 -6.380360892051363253e-01 4.531250000000000000e-01 6.662471670279127572e-18
3.019951720402019123e+19 6.044777934511125217e-01 -6.587695021376569482e-01 4.479166666666666297e-01 6.662471670279127572e-18
3.019951720402019123e+19 6.102715526666024903e-01 -6.569459365907642789e-01 4.427083333333333148e-01 6.662471670279127572e-18
3.019951720402019123e+19 6.160398468770653668e-01 -6.550485913729469090e-01 4.375000000000000000e-01 6.662471670279127572e-18
3.019951720402019123e+19 6.217820419909647622e-01 -6.530781019052023240e-01 4.322916666666666297e-01 6.662471670279127572e-18
3.019951720402019123e+19 6.376221118070465321e-01 -6.376221118070466432e-01 4.322916666666666297e-01 1.211453341447233424e-18
3.019951720402019123e+19 6.354394616393286288e-01 -6.432857195526798799e-01 4.270833333333333148e-01 1.211453341447233424e-18
3.019951720402019123e+19 6.432857195526795469e-01 -6.354394616393289619e-01 4.270833333333333148e-01 5.384049439946276971e-18
3.019951720402019123e+19 6.411011949665199605e-01 -6.411011949665201826e-01 4.218750000000000000e-01 6.662471670279127572e-18
3.162277660168379187e+19 6.030636127066490992e-01 -6.491867237498727405e-01 4.635416666666666297e-01 1.565723482805797585e-18
3.162277660168379187e+19 6.109847228608114023e-01 -6.417373229714682381e-01 4.635416666666666297e-01 2.178955633147110081e-18
3.162277660168379187e+19 6.167882154714975362e-01 -6.399240992579051657e-01 4.583333333333333148e-01 1.043499454391638300e-10
3.162277660168379187e+19 6.376221118070465321e-01 -6.376221118070466432e-01 4.322916666666666297e-01 1.211453341447233424e-18
3.162277660168379187e+19 6.453987041915686396e-01 -6.297494958778447893e-01 4.322916666666666297e-01 1.565723482805797585e-18
3.162277660168379187e+19 6.354394616393286288e-01 -6.432857195526798799e-01 4.270833333333333148e-01 1.211453341447233424e-18
3.162277660168379187e+19 6.251746963407693869e-01 -6.566415182047407040e-01 4.218750000000000000e-01 1.043499454391638300e-10
3.162277660168379187e+19 6.331856233665634770e-01 -6.489202190846702356e-01 4.218750000000000000e-01 2.178955633147110081e-18
3.162277660168379187e+19 6.308612402182003365e-01 -6.545250067638692659e-01 4.166666666666666297e-01 1.578127539175895166e-10
3.311311214825907814e+19 6.336151505919233040e-01 -6.032517719123371425e-01 4.843750000000000000e-01 1.387184264051562541e-19
3.467368504525309133e+19 6.149533012614323280e-01 -6.302348257051136882e-01 4.739583333333333148e-01 3.585703379045774989e-21
3.630780547701002650e+19 6.149533012614323280e-01 -6.302348257051136882e-01 4.739583333333333148e-01 3.585703379045774989e-21
3.801893963205627904e+19 6.182873375535862248e-01 -6.494074990467234576e-01 4.427083333333333148e-01 1.371024883796773560e-22
3.981071705534985830e+19 6.336151505919233040e-01 -6.032517719123371425e-01 4.843750000000000000e-01 4.858694971157389093e-23
3.981071705534985830e+19 6.091153612256475780e-01 -6.319634342859596909e-01 4.791666666666666297e-01 5.145616932304818542e-13
3.981071705534985830e+19 6.453987041915686396e-01 -6.297494958778447893e-01 4.322916666666666297e-01 9.484964175809835662e-13
4.168693834703363277e+19 6.013143324801841771e-01 -6.393906310773299628e-01 4.791666666666666297e-01 4.986892303001052558e-24
4.168693834703363277e+19 6.207649644343615769e-01 -6.284300250869668814e-01 4.687500000000000000e-01 4.986892303001052558e-24
4.365158322401665024e+19 6.168246594382145176e-01 -6.244410661259286455e-01 4.791666666666666297e-01 1.079655823252187723e-25
4.365158322401665024e+19 6.226409472014705626e-01 -6.226409472014706736e-01 4.739583333333333148e-01 1.079655823252187723e-25
4.570881896148751974e+19 6.168246594382145176e-01 -6.244410661259286455e-01 4.791666666666666297e-01 1.789276765777870359e-26
4.570881896148751974e+19 6.319634342859583587e-01 -6.091153612256490213e-01 4.791666666666666297e-01 3.994156137578573660e-17
4.570881896148751974e+19 6.226409472014705626e-01 -6.226409472014706736e-01 4.739583333333333148e-01 1.789276765777870359e-26
4.570881896148751974e+19 6.302348257051129110e-01 -6.149533012614331051e-01 4.739583333333333148e-01 3.622128280851777791e-26
4.786300923226380698e+19 6.168246594382145176e-01 -6.244410661259286455e-01 4.791666666666666297e-01 3.807715769688003389e-15
4.786300923226380698e+19 6.226409472014705626e-01 -6.226409472014706736e-01 4.739583333333333148e-01 3.807715769688003389e-15
5.011872336272715776e+19 6.032517719123368094e-01 -6.336151505919237481e-01 4.843750000000000000e-01 1.854845588671473955e-28
5.011872336272715776e+19 6.091153612256475780e-01 -6.319634342859596909e-01 4.791666666666666297e-01 1.351048559813072305e-15
5.011872336272715776e+19 6.149533012614323280e-01 -6.302348257051136882e-01 4.739583333333333148e-01 1.854845588671473955e-28
5.011872336272715776e+19 6.302348257051129110e-01 -6.149533012614331051e-01 4.739583333333333148e-01 1.896397026656920277e-28
5.495408738576225894e+19 6.186197779634110550e-01 -6.186197779634112770e-01 4.843750000000000000e-01 2.494694259254332665e-32
5.495408738576225894e+19 6.244410661259283124e-01 -6.168246594382147396e-01 4.791666666666666297e-01 2.494694259254332665e-32
5.754399373371590246e+19 6.186197779634110550e-01 -6.186197779634112770e-01 4.843750000000000000e-01 3.637743558702847379e-33
5.754399373371590246e+19 6.261646133214433529e-01 -6.109817807422799341e-01 4.843750000000000000e-01 5.958852036698519847e-18
5.754399373371590246e+19 6.244410661259283124e-01 -6.168246594382147396e-01 4.791666666666666297e-01 3.637743558702847379e-33
6.025595860743593165e+19 6.127715761322671817e-01 -6.203379362948870934e-01 4.895833333333333148e-01 3.135222320862460637e-35
6.025595860743593165e+19 6.109817807422791569e-01 -6.261646133214441301e-01 4.843750000000000000e-01 3.135222320862460637e-35
6.309573444801943962e+19 6.127715761322671817e-01 -6.203379362948870934e-01 4.895833333333333148e-01 1.579378581818207332e-36
6.309573444801943962e+19 6.109817807422791569e-01 -6.261646133214441301e-01 4.843750000000000000e-01 1.579378581818207332e-36
6.918309709189361664e+19 6.043179348428819875e-01 -6.117799114192317145e-01 5.104166666666666297e-01 4.131016010904168284e-40
6.918309709189361664e+19 6.026968985984397786e-01 -6.176738527332832351e-01 5.052083333333332593e-01 4.131016010904168284e-40
6.918309709189361664e+19 6.102313249623274594e-01 -6.102313249623276814e-01 5.052083333333332593e-01 4.131016010904168284e-40
6.918309709189361664e+19 6.086034613299985407e-01 -6.161183545855007937e-01 5.000000000000000000e-01 4.131016010904168284e-40
6.918309709189361664e+19 6.161183545855005717e-01 -6.086034613299987628e-01 5.000000000000000000e-01 4.131016010904168284e-40
6.918309709189361664e+19 6.144840138674162455e-01 -6.144840138674164676e-01 4.947916666666666297e-01 4.131016010904168284e-40
6.918309709189361664e+19 6.127715761322671817e-01 -6.203379362948870934e-01 4.895833333333333148e-01 2.141004795100375653e-20
6.918309709189361664e+19 6.261646133214433529e-01 -6.109817807422799341e-01 4.843750000000000000e-01 1.435270474439972130e-39
6.918309709189361664e+19 6.244410661259283124e-01 -6.168246594382147396e-01 4.791666666666666297e-01 1.435270474439972130e-39
6.918309709189361664e+19 6.149533012614323280e-01 -6.302348257051136882e-01 4.739583333333333148e-01 1.435270474439972130e-39
6.918309709189361664e+19 6.302348257051129110e-01 -6.149533012614331051e-01 4.739583333333333148e-01 1.435270474439972130e-39
7.244359600749890765e+19 6.068970802491592265e-01 -6.219784084534347723e-01 4.947916666666666297e-01 5.705431818723582447e-41
7.244359600749890765e+19 6.051129348242320072e-01 -6.278108758460840821e-01 4.895833333333333148e-01 1.269030059097205828e-21
7.244359600749890765e+19 6.186197779634110550e-01 -6.186197779634112770e-01 4.843750000000000000e-01 2.815697699935321714e-46
7.943282347242789274e+19 6.127715761322671817e-01 -6.203379362948870934e-01 4.895833333333333148e-01 3.172629153668289249e-46
7.943282347242789274e+19 6.203379362948868714e-01 -6.127715761322675148e-01 4.895833333333333148e-01 4.522077877739110273e-44
7.943282347242789274e+19 6.186197779634110550e-01 -6.186197779634112770e-01 4.843750000000000000e-01 8.447093099805965531e-46
8.317637711026674074e+19 6.176738527332824580e-01 -6.026968985984405558e-01 5.052083333333332593e-01 1.343931055737289574e-59
8.317637711026674074e+19 6.009969146318385746e-01 -6.235404626830647334e-01 5.000000000000000000e-01 1.343931055737289574e-59
8.317637711026674074e+19 6.086034613299985407e-01 -6.161183545855007937e-01 5.000000000000000000e-01 9.930055641646730565e-47
8.317637711026674074e+19 6.051129348242320072e-01 -6.278108758460840821e-01 4.895833333333333148e-01 1.057543051222762953e-46
8.317637711026674074e+19 6.127715761322671817e-01 -6.203379362948870934e-01 4.895833333333333148e-01 1.057543051222762953e-46
8.317637711026674074e+19 6.203379362948868714e-01 -6.127715761322675148e-01 4.895833333333333148e-01 1.362581924537067455e-46
8.709635899560832205e+19 6.068970802491592265e-01 -6.219784084534347723e-01 4.947916666666666297e-01 2.791346850697241076e-67
8.709635899560832205e+19 6.144840138674162455e-01 -6.144840138674164676e-01 4.947916666666666297e-01 2.791346850697241076e-67
8.709635899560832205e+19 6.203379362948868714e-01 -6.127715761322675148e-01 4.895833333333333148e-01 3.889663661964830071e-29
1.000000000000000164e+20 6.086034613299985407e-01 -6.161183545855007937e-01 5.000000000000000000e-01 5.074732559986286367e-58
1.000000000000000164e+20 6.068970802491592265e-01 -6.219784084534347723e-01 4.947916666666666297e-01 2.791346850697241076e-67
1.000000000000000164e+20 6.144840138674162455e-01 -6.144840138674164676e-01 4.947916666666666297e-01 2.791346850697241076e-67
1.047128548050898289e+20 6.058592490731654623e-01 -6.058592490731656843e-01 5.156250000000000000e-01 2.687862111474579147e-59
1.047128548050898289e+20 6.117799114192314924e-01 -6.043179348428822095e-01 5.104166666666666297e-01 2.687862111474579147e-59
1.047128548050898289e+20 6.026968985984397786e-01 -6.176738527332832351e-01 5.052083333333332593e-01 2.687862111474579147e-59
1.047128548050898289e+20 6.102313249623274594e-01 -6.102313249623276814e-01 5.052083333333332593e-01 5.074732559986286367e-58
1.047128548050898289e+20 6.176738527332824580e-01 -6.026968985984405558e-01 5.052083333333332593e-01 5.074732559986286367e-58
1.047128548050898289e+20 6.009969146318385746e-01 -6.235404626830647334e-01 5.000000000000000000e-01 2.791346850697241076e-67
1.047128548050898289e+20 6.219784084534339952e-01 -6.068970802491600036e-01 4.947916666666666297e-01 8.344718319383124805e-60
1.096478196143182807e+20 6.086034613299985407e-01 -6.161183545855007937e-01 5.000000000000000000e-01 1.850917771656313055e-81
1.096478196143182807e+20 6.161183545855005717e-01 -6.086034613299987628e-01 5.000000000000000000e-01 1.850917771656313055e-81
1.096478196143182807e+20 6.068970802491592265e-01 -6.219784084534347723e-01 4.947916666666666297e-01 1.850917771656313055e-81
1.096478196143182807e+20 6.144840138674162455e-01 -6.144840138674164676e-01 4.947916666666666297e-01 1.850917771656313055e-81
1.096478196143182807e+20 6.219784084534339952e-01 -6.068970802491600036e-01 4.947916666666666297e-01 2.859789666139651792e-63
1.096478196143182807e+20 6.203379362948868714e-01 -6.127715761322675148e-01 4.895833333333333148e-01 5.520173816123227030e-66
1.096478196143182807e+20 6.109817807422791569e-01 -6.261646133214441301e-01 4.843750000000000000e-01 1.751685459353031370e-75
1.148153621496879350e+20 6.009969146318385746e-01 -6.235404626830647334e-01 5.000000000000000000e-01 3.073428852502125727e-65
1.148153621496879350e+20 6.086034613299985407e-01 -6.161183545855007937e-01 5.000000000000000000e-01 3.198467876573602843e-87
1.148153621496879350e+20 6.161183545855005717e-01 -6.086034613299987628e-01 5.000000000000000000e-01 3.198467876573602843e-87
1.148153621496879350e+20 6.068970802491592265e-01 -6.219784084534347723e-01 4.947916666666666297e-01 3.198467876573602843e-87
1.148153621496879350e+20 6.144840138674162455e-01 -6.144840138674164676e-01 4.947916666666666297e-01 3.198467876573602843e-87
1.148153621496879350e+20 6.127715761322671817e-01 -6.203379362948870934e-01 4.895833333333333148e-01 5.546753559007423237e-77
1.148153621496879350e+20 6.203379362948868714e-01 -6.127715761322675148e-01 4.895833333333333148e-01 1.104034763224645406e-65
1.202264434617418056e+20 6.191497561912246983e-01 -5.967649502084014790e-01 5.104166666666666297e-01 8.944697488203937091e-35
1.202264434617418056e+20 6.009969146318385746e-01 -6.235404626830647334e-01 5.000000000000000000e-01 1.116538740278896430e-66
1.202264434617418056e+20 6.086034613299985407e-01 -6.161183545855007937e-01 5.000000000000000000e-01 1.850917771656313055e-81
1.202264434617418056e+20 6.161183545855005717e-01 -6.086034613299987628e-01 5.000000000000000000e-01 1.850917771656313055e-81
1.202264434617418056e+20 6.068970802491592265e-01 -6.219784084534347723e-01 4.947916666666666297e-01 1.850917771656313055e-81
1.202264434617418056e+20 6.144840138674162455e-01 -6.144840138674164676e-01 4.947916666666666297e-01 1.850917771656313055e-81
1.258925411794171331e+20 5.924145567863179362e-01 -6.146361783987007721e-01 5.208333333333332593e-01 6.393243029669733763e-71
1.258925411794171331e+20 5.983788040152132615e-01 -6.132484539567327753e-01 5.156250000000000000e-01 6.393243029669733763e-71
1.258925411794171331e+20 5.967649502084001467e-01 -6.191497561912260306e-01 5.104166666666666297e-01 6.393243029669733763e-71
1.258925411794171331e+20 6.219784084534339952e-01 -6.068970802491600036e-01 4.947916666666666297e-01 1.415050234019239407e-69
1.318256738556410102e+20 5.999124804547369960e-01 -6.073200595102502541e-01 5.208333333333332593e-01 5.158872327499463156e-46
1.318256738556410102e+20 5.983788040152132615e-01 -6.132484539567327753e-01 5.156250000000000000e-01 5.158872327499463156e-46
1.318256738556410102e+20 6.132484539567321091e-01 -5.983788040152140386e-01 5.156250000000000000e-01 9.403342463096818233e-39
1.318256738556410102e+20 5.967649502084001467e-01 -6.191497561912260306e-01 5.104166666666666297e-01 5.158872327499463156e-46
1.318256738556410102e+20 6.191497561912246983e-01 -5.967649502084014790e-01 5.104166666666666297e-01 9.403342463096818233e-39
1.318256738556410102e+20 5.950717082985182982e-01 -6.250233610939985862e-01 5.052083333333332593e-01 1.074208716586825307e-87
1.318256738556410102e+20 6.026968985984397786e-01 -6.176738527332832351e-01 5.052083333333332593e-01 1.074208716586825307e-87
1.318256738556410102e+20 6.068970802491592265e-01 -6.219784084534347723e-01 4.947916666666666297e-01 5.255056378059094602e-75
1.380384264602886636e+20 6.013651822855041740e-01 -6.013651822855043960e-01 5.260416666666666297e-01 2.566910373747252184e-44
1.380384264602886636e+20 6.073200595102499211e-01 -5.999124804547372181e-01 5.208333333333332593e-01 2.566910373747252184e-44
1.380384264602886636e+20 6.132484539567321091e-01 -5.983788040152140386e-01 5.156250000000000000e-01 3.752359610225093424e-78
1.380384264602886636e+20 6.191497561912246983e-01 -5.967649502084014790e-01 5.104166666666666297e-01 3.752359610225093424e-78
1.380384264602886636e+20 6.176738527332824580e-01 -6.026968985984405558e-01 5.052083333333332593e-01 6.644837032423940834e-88
1.380384264602886636e+20 6.161183545855005717e-01 -6.086034613299987628e-01 5.000000000000000000e-01 6.644837032423940834e-88
1.445439770745927926e+20 6.058592490731654623e-01 -6.058592490731656843e-01 5.156250000000000000e-01 1.589259381002999231e-79
1.445439770745927926e+20 6.043179348428819875e-01 -6.117799114192317145e-01 5.104166666666666297e-01 1.589259381002999231e-79
1.445439770745927926e+20 6.117799114192314924e-01 -6.043179348428822095e-01 5.104166666666666297e-01 1.589259381002999231e-79
1.445439770745927926e+20 5.950717082985182982e-01 -6.250233610939985862e-01 5.052083333333332593e-01 2.664781327613298516e-41
1.445439770745927926e+20 6.026968985984397786e-01 -6.176738527332832351e-01 5.052083333333332593e-01 2.664781327613298516e-41
1.445439770745927926e+20 6.102313249623274594e-01 -6.102313249623276814e-01 5.052083333333332593e-01 1.589259381002999231e-79
1.445439770745927926e+20 6.068970802491592265e-01 -6.219784084534347723e-01 4.947916666666666297e-01 2.235804422221652815e-42
1.513561248436207288e+20 6.013651822855041740e-01 -6.013651822855043960e-01 5.260416666666666297e-01 1.070329024547738482e-86
1.513561248436207288e+20 6.073200595102499211e-01 -5.999124804547372181e-01 5.208333333333332593e-01 1.070329024547738482e-86
1.584893192461110804e+20 6.013651822855041740e-01 -6.013651822855043960e-01 5.260416666666666297e-01 3.567763415159128719e-87
1.584893192461110804e+20 5.999124804547369960e-01 -6.073200595102502541e-01 5.208333333333332593e-01 3.035037211017724138e-45
1.584893192461110804e+20 6.073200595102499211e-01 -5.999124804547372181e-01 5.208333333333332593e-01 3.567763415159128719e-87
1.584893192461110804e+20 5.983788040152132615e-01 -6.132484539567327753e-01 5.156250000000000000e-01 3.035037211017724138e-45
1.584893192461110804e+20 6.132484539567321091e-01 -5.983788040152140386e-01 5.156250000000000000e-01 8.549383106006097516e-57
1.584893192461110804e+20 5.967649502084001467e-01 -6.191497561912260306e-01 5.104166666666666297e-01 3.035037211017724138e-45
1.584893192461110804e+20 6.191497561912246983e-01 -5.967649502084014790e-01 5.104166666666666297e-01 8.549383106006097516e-57
1.584893192461110804e+20 5.950717082985182982e-01 -6.250233610939985862e-01 5.052083333333332593e-01 9.814887051875780118e-87
1.584893192461110804e+20 6.026968985984397786e-01 -6.176738527332832351e-01 5.052083333333332593e-01 9.814887051875780118e-87
1.659586907437556367e+20 5.967649502084001467e-01 -6.191497561912260306e-01 5.104166666666666297e-01 1.425793530815853586e-48
1.737800828749369180e+20 6.009969146318385746e-01 -6.235404626830647334e-01 5.000000000000000000e-01 5.335352680579457357e-49
1.737800828749369180e+20 6.144840138674162455e-01 -6.144840138674164676e-01 4.947916666666666297e-01 9.250762727382286498e-54
1.995262314968882872e+20 6.026968985984397786e-01 -6.176738527332832351e-01 5.052083333333332593e-01 1.333562725121793559e-55
7.567806242181036032e+18 6.404124627183066520e-01 -6.893920637239951965e-01 3.385416666666666297e-01 4.982493831310176169e-06
7.567806242181036032e+18 6.453380332399016872e-01 -6.946943484616893150e-01 3.177083333333333148e-01 4.982493831310176169e-06
1.199416459509742387e+19 6.397544166673175825e-01 -6.556522462036429300e-01 4.010416666666666297e-01 2.661334624090822645e-08
1.255943215754785997e+19 6.397544166673175825e-01 -6.556522462036429300e-01 4.010416666666666297e-01 8.208599552126365192e-09
4.354817949780416102e+19 6.176738527332824580e-01 -6.026968985984405558e-01 5.052083333333332593e-01 5.398279116260938617e-26
4.354817949780416102e+19 6.009969146318385746e-01 -6.235404626830647334e-01 5.000000000000000000e-01 5.398279116260938617e-26
5.482390980715914035e+19 6.102313249623274594e-01 -6.102313249623276814e-01 5.052083333333332593e-01 1.247347129627166333e-32
5.482390980715914035e+19 6.176738527332824580e-01 -6.026968985984405558e-01 5.052083333333332593e-01 1.247347129627166333e-32
6.294627058970856653e+19 6.051129348242320072e-01 -6.278108758460840821e-01 4.895833333333333148e-01 1.055259839663612175e-36
6.591283692782050509e+19 6.013651822855041740e-01 -6.013651822855043960e-01 5.260416666666666297e-01 5.867651541489904046e-39
6.591283692782050509e+19 6.073200595102499211e-01 -5.999124804547372181e-01 5.208333333333332593e-01 5.867651541489904046e-39
6.901921323014433178e+19 6.013651822855041740e-01 -6.013651822855043960e-01 5.260416666666666297e-01 2.920864347300388623e-39
6.901921323014433178e+19 6.073200595102499211e-01 -5.999124804547372181e-01 5.208333333333332593e-01 2.920864347300388623e-39
8.689004143746845901e+19 6.132484539567321091e-01 -5.983788040152140386e-01 5.156250000000000000e-01 7.533058993823305125e-49
8.689004143746845901e+19 6.102313249623274594e-01 -6.102313249623276814e-01 5.052083333333332593e-01 1.436034979688290838e-49
8.689004143746845901e+19 6.086034613299985407e-01 -6.161183545855007937e-01 5.000000000000000000e-01 1.436034979688290838e-49
1.093880811974775767e+20 6.117799114192314924e-01 -6.043179348428822095e-01 5.104166666666666297e-01 2.859789666139651792e-63
1.093880811974775767e+20 6.176738527332824580e-01 -6.026968985984405558e-01 5.052083333333332593e-01 2.859789666139651792e-63
1.377114351669087273e+20 6.043179348428819875e-01 -6.117799114192317145e-01 5.104166666666666297e-01 5.546753559007423237e-77
1.442015751563305943e+20 5.999124804547369960e-01 -6.073200595102502541e-01 5.208333333333332593e-01 7.946296905014996153e-80
1.581138830084189716e+20 5.953844360080492448e-01 -6.027361038293433948e-01 5.312500000000000000e-01 1.076024820917935771e-88
1.581138830084189716e+20 6.073200595102499211e-01 -5.999124804547372181e-01 5.208333333333332593e-01 6.644837032423940834e-88
1.581138830084189716e+20 6.058592490731654623e-01 -6.058592490731656843e-01 5.156250000000000000e-01 6.644837032423940834e-88
3.490428493502994944e+18 5.965002902916535232e-01 -7.839938699103283781e-01 1.718750000000000000e-01 1.074289535872855394e-03
5.531956358125188096e+18 7.020443625742071037e-01 -6.207751562159988801e-01 3.489583333333333148e-01 6.565554081350707613e-05
5.792669429164563456e+18 6.462059359253784496e-01 -6.704452859334318893e-01 3.645833333333333148e-01 6.451442253532999331e-05
6.065669528699967488e+18 5.546843315577788536e-01 -7.290342062767166675e-01 4.010416666666666297e-01 3.790177575293757689e-05
6.065669528699967488e+18 5.546576997644638851e-01 -8.301039097742821671e-01 -5.729166666666666435e-02 3.338123099096903937e-05
6.964320436180135936e+18 5.042071018431855123e-01 -8.182763571769529065e-01 2.760416666666666297e-01 1.474244755474967498e-05
8.767559972984568832e+18 6.319634342859583587e-01 -6.091153612256490213e-01 4.791666666666666297e-01 1.276391084708218671e-06
8.767559972984568832e+18 6.183254768351452713e-01 -6.906870526487305373e-01 3.750000000000000000e-01 1.276391084708218671e-06
8.767559972984568832e+18 6.783247435196134711e-01 -6.379298828120580911e-01 3.645833333333333148e-01 1.276391084708218671e-06
8.767559972984568832e+18 5.981045452674021989e-01 -7.379801507699743635e-01 3.125000000000000000e-01 1.276391084708218671e-06
8.767559972984568832e+18 5.762136198062018932e-01 -7.573306384579037154e-01 3.072916666666666297e-01 1.276391084708218671e-06
9.180762344460581888e+18 6.404124627183066520e-01 -6.893920637239951965e-01 3.385416666666666297e-01 5.516213105200324365e-07
9.180762344460581888e+18 6.453380332399016872e-01 -6.946943484616893150e-01 3.177083333333333148e-01 5.516213105200324365e-07
9.613438343755372544e+18 5.897882029952457028e-01 -7.009389825119308748e-01 4.010416666666666297e-01 4.373669498963719829e-07
9.613438343755372544e+18 6.404124627183066520e-01 -6.893920637239951965e-01 3.385416666666666297e-01 4.295136953226582978e-07
9.613438343755372544e+18 6.048848876141758035e-01 -7.279004733649200309e-01 3.229166666666666297e-01 4.373669498963719829e-07
9.613438343755372544e+18 6.483819555287432257e-01 -6.894386601675392967e-01 3.229166666666666297e-01 4.373669498963719829e-07
9.613438343755372544e+18 6.453380332399016872e-01 -6.946943484616893150e-01 3.177083333333333148e-01 4.295136953226582978e-07
9.613438343755372544e+18 6.071156607694195850e-01 -7.305849193957612009e-01 3.125000000000000000e-01 4.373669498963719829e-07
9.613438343755372544e+18 5.854638439051557119e-01 -7.502025853574629810e-01 3.072916666666666297e-01 4.373669498963719829e-07
1.006650573467339776e+19 6.679151625198223030e-01 -6.517199897587302448e-01 3.593750000000000000e-01 2.582656817672413837e-07
1.327023901844995277e+19 6.397329283227173313e-01 -6.319300043672883005e-01 4.375000000000000000e-01 4.515256724886662782e-09
1.327023901844995277e+19 6.071156607694195850e-01 -7.305849193957612009e-01 3.125000000000000000e-01 4.515256724886662782e-09
1.327023901844995277e+19 6.592158153533659304e-01 -6.839431692677375718e-01 3.125000000000000000e-01 4.515256724886662782e-09
1.389564611567787827e+19 6.388457662065215592e-01 -6.467340843723107247e-01 4.166666666666666297e-01 2.241124141064133993e-09
1.455052774133888410e+19 6.397544166673175825e-01 -6.556522462036429300e-01 4.010416666666666297e-01 6.593452197090423310e-10
1.749358200832570778e+19 6.109847228608114023e-01 -6.417373229714682381e-01 4.635416666666666297e-01 2.000457966126677930e-11
1.749358200832570778e+19 6.331856233665634770e-01 -6.489202190846702356e-01 4.218750000000000000e-01 2.000457966126677930e-11
1.918133124457196749e+19 6.376221118070465321e-01 -6.376221118070466432e-01 4.322916666666666297e-01 2.783361835919800906e-12
1.918133124457196749e+19 6.354394616393286288e-01 -6.432857195526798799e-01 4.270833333333333148e-01 2.783361835919800906e-12
2.528591916763940045e+19 6.149533012614323280e-01 -6.302348257051136882e-01 4.739583333333333148e-01 6.413699244903290197e-16
3.183308620071456358e+19 6.091153612256475780e-01 -6.319634342859596909e-01 4.791666666666666297e-01 2.066965714862003972e-19
5.045204161454024294e+19 6.235404626830634012e-01 -6.009969146318399069e-01 5.000000000000000000e-01 3.754647111277044526e-29
6.351535726544174285e+19 6.176738527332824580e-01 -6.026968985984405558e-01 5.052083333333332593e-01 1.579378581818207332e-36
6.351535726544174285e+19 6.009969146318385746e-01 -6.235404626830647334e-01 5.000000000000000000e-01 1.579378581818207332e-36
6.964320436180135936e+19 6.203379362948868714e-01 -6.127715761322675148e-01 4.895833333333333148e-01 1.435270474439972130e-39
1.054092553389459866e+20 5.924145567863179362e-01 -6.146361783987007721e-01 5.208333333333332593e-01 1.798294893547522349e-60
1.155789501508436623e+20 5.967649502084001467e-01 -6.191497561912260306e-01 5.104166666666666297e-01 3.101342321009098210e-65
1.267297987735209411e+20 5.879431054806877333e-01 -6.099970018104391434e-01 5.312500000000000000e-01 6.393243029669733763e-71
1.595433641075460014e+20 5.983788040152132615e-01 -6.132484539567327753e-01 5.156250000000000000e-01 1.953251489680977856e-88
1.595433641075460014e+20 6.043179348428819875e-01 -6.117799114192317145e-01 5.104166666666666297e-01 1.953251489680977856e-88
1.985820586810697216e+18 1.403170730446017811e-01 -9.075390301438380769e-01 3.958333333333333148e-01 8.389254687930697285e-03
1.985820586810697216e+18 3.721183717679544811e-01 -8.535847412227575148e-01 3.645833333333333148e-01 8.611301603710782779e-03
1.985820586810697216e+18 4.588534935335614184e-01 -8.336817756609942176e-01 3.072916666666666297e-01 8.611301603710782779e-03
1.985820586810697216e+18 4.057970059678241981e-01 -9.005080385246705399e-01 1.562500000000000000e-01 8.347945980272386546e-03
1.985820586810697216e+18 3.969921309171127732e-01 -9.106414814360874743e-01 1.145833333333333287e-01 8.347945980272386546e-03
1.985820586810697216e+18 3.873905067310565720e-01 -9.037136402415004710e-01 -1.822916666666666574e-01 8.347945980272386546e-03
2.079409427756685568e+18 1.636196642805335111e-01 -9.785722280244446569e-01 1.250000000000000000e-01 7.424960609463922452e-03
2.079409427756685568e+18 7.446419942010636950e-01 -6.584416525761892514e-01 1.093750000000000000e-01 7.594271211746461171e-03
2.177408974890208256e+18 7.446419942010636950e-01 -6.584416525761892514e-01 1.093750000000000000e-01 6.925369054361361562e-03
2.280027098389778944e+18 4.969317234335514644e-01 -8.526371261225860199e-01 1.614583333333333148e-01 1.209911099241336302e-02
2.387481465053592064e+18 6.117799114192314924e-01 -6.043179348428822095e-01 5.104166666666666297e-01 4.878032719725886555e-03
2.387481465053592064e+18 7.446419942010636950e-01 -6.584416525761892514e-01 1.093750000000000000e-01 1.028182679517208528e-02
2.500000000000000000e+18 6.117799114192314924e-01 -6.043179348428822095e-01 5.104166666666666297e-01 4.283121367144515287e-03
2.617821370127246336e+18 6.488716385201008796e-01 -6.649960300544119907e-01 3.697916666666666297e-01 3.895266217390813777e-03
2.741195490357957120e+18 6.261646133214433529e-01 -6.109817807422799341e-01 4.843750000000000000e-01 3.147794370506727061e-03
2.741195490357957120e+18 5.248080370410365125e-01 -7.451701578751592780e-01 4.114583333333333148e-01 6.675797084087041824e-03
2.741195490357957120e+18 4.440257534364520087e-01 -8.957717915336546044e-01 -2.083333333333333218e-02 3.389615138566511900e-03
2.870384053742198272e+18 6.261646133214433529e-01 -6.109817807422799341e-01 4.843750000000000000e-01 7.932196099933546546e-03
2.870384053742198272e+18 4.440257534364520087e-01 -8.957717915336546044e-01 -2.083333333333333218e-02 2.464494657974638982e-03
3.005661086543544832e+18 5.248080370410365125e-01 -7.451701578751592780e-01 4.114583333333333148e-01 2.123907273464707875e-03
3.005661086543544832e+18 4.888723991661412249e-01 -7.825968121511207576e-01 3.854166666666666297e-01 2.071904834781658142e-03
3.005661086543544832e+18 6.409298246796903964e-01 -7.430157859022580302e-01 1.927083333333333148e-01 2.071904834781658142e-03
3.005661086543544832e+18 6.249527296563464063e-01 -7.615071044120872434e-01 1.718750000000000000e-01 2.319900545426323638e-03
3.005661086543544832e+18 7.038263968971668616e-01 -6.952417147436138478e-01 1.458333333333333148e-01 2.319900545426323638e-03
3.005661086543544832e+18 4.440257534364520087e-01 -8.957717915336546044e-01 -2.083333333333333218e-02 2.055404046988002290e-03
3.147313529485428224e+18 6.261646133214433529e-01 -6.109817807422799341e-01 4.843750000000000000e-01 7.472435822384748336e-03
3.147313529485428224e+18 4.888723991661412249e-01 -7.825968121511207576e-01 3.854166666666666297e-01 1.915734690686488571e-03
3.147313529485428224e+18 6.409298246796903964e-01 -7.430157859022580302e-01 1.927083333333333148e-01 1.915734690686488571e-03
3.295641846391025664e+18 4.008046660857310095e-01 -7.962621138914657282e-01 4.531250000000000000e-01 1.607669132793317947e-03
3.295641846391025664e+18 5.457281966618644509e-01 -7.082029335511197399e-01 4.479166666666666297e-01 1.585329024047696465e-03
3.295641846391025664e+18 5.163074402666769647e-01 -7.331002378409749998e-01 4.427083333333333148e-01 1.585329024047696465e-03
3.295641846391025664e+18 5.251791065886495247e-01 -7.360616362721513761e-01 4.270833333333333148e-01 1.607669132793317947e-03
3.295641846391025664e+18 6.433287622921766147e-01 -6.674601887810360790e-01 3.750000000000000000e-01 1.455988822395064882e-03
3.295641846391025664e+18 6.225662794538623368e-01 -7.128366250943228843e-01 3.229166666666666297e-01 1.465305855670783874e-03
3.295641846391025664e+18 5.067677755904631542e-01 -8.112440922303529867e-01 2.916666666666666297e-01 3.227014907819993495e-03
3.295641846391025664e+18 5.322877850197583749e-01 -7.966249664570201894e-01 2.864583333333333148e-01 1.465305855670783874e-03
3.295641846391025664e+18 5.612486513542319644e-01 -7.764931259302587652e-01 2.864583333333333148e-01 3.227014907819993495e-03
3.295641846391025664e+18 6.546239453598857727e-01 -7.134195751179367440e-01 2.500000000000000000e-01 1.650192963595367105e-03
3.295641846391025664e+18 6.074548171687004228e-01 -7.589907802296024242e-01 2.343750000000000000e-01 1.650192963595367105e-03
3.450960661507216384e+18 5.457281966618644509e-01 -7.082029335511197399e-01 4.479166666666666297e-01 3.688249075850568662e-03
3.450960661507216384e+18 5.163074402666769647e-01 -7.331002378409749998e-01 4.427083333333333148e-01 3.688249075850568662e-03
3.450960661507216384e+18 6.433287622921766147e-01 -6.674601887810360790e-01 3.750000000000000000e-01 1.160434966143934071e-03
3.450960661507216384e+18 6.225662794538623368e-01 -7.128366250943228843e-01 3.229166666666666297e-01 1.128364561255125464e-03
3.450960661507216384e+18 5.322877850197583749e-01 -7.966249664570201894e-01 2.864583333333333148e-01 1.128364561255125464e-03
3.613599426864819712e+18 4.769220174238814614e-01 -7.531421669720365086e-01 4.531250000000000000e-01 1.106266568075847927e-03
3.613599426864819712e+18 5.705362604740631394e-01 -7.594946513862174120e-01 3.125000000000000000e-01 9.362886641203251037e-04
3.613599426864819712e+18 2.523330422211811919e-01 -9.573675601243252231e-01 -1.406250000000000000e-01 9.362886641203251037e-04
3.783903121090518016e+18 4.008046660857310095e-01 -7.962621138914657282e-01 4.531250000000000000e-01 7.108309779971933983e-04
3.783903121090518016e+18 5.251791065886495247e-01 -7.360616362721513761e-01 4.270833333333333148e-01 7.108309779971933983e-04
3.783903121090518016e+18 4.697335491882755343e-01 -8.174590397419767562e-01 3.333333333333333148e-01 8.736075463800466612e-04
3.783903121090518016e+18 5.705362604740631394e-01 -7.594946513862174120e-01 3.125000000000000000e-01 8.638923765400467573e-04
3.783903121090518016e+18 5.050520055730142177e-01 -8.084974529266608645e-01 3.020833333333333148e-01 8.456213955608080264e-04
3.783903121090518016e+18 5.067677755904631542e-01 -8.112440922303529867e-01 2.916666666666666297e-01 7.127710728634174039e-04
3.783903121090518016e+18 5.612486513542319644e-01 -7.764931259302587652e-01 2.864583333333333148e-01 7.127710728634174039e-04
3.783903121090518016e+18 7.002644285666053126e-01 -6.667071596147051693e-01 2.552083333333333148e-01 8.456213955608080264e-04
3.783903121090518016e+18 6.546239453598857727e-01 -7.134195751179367440e-01 2.500000000000000000e-01 7.697200042711812781e-04
3.783903121090518016e+18 6.074548171687004228e-01 -7.589907802296024242e-01 2.343750000000000000e-01 7.697200042711812781e-04
3.783903121090518016e+18 4.086081247131497229e-01 -9.067462191671707972e-01 1.041666666666666574e-01 8.456213955608080264e-04
3.783903121090518016e+18 2.523330422211811919e-01 -9.573675601243252231e-01 -1.406250000000000000e-01 8.638923765400467573e-04
3.962232981152777216e+18 6.643770202235549371e-01 -6.403570629378780854e-01 3.854166666666666297e-01 6.549301039494971957e-04
3.962232981152777216e+18 4.697335491882755343e-01 -8.174590397419767562e-01 3.333333333333333148e-01 6.329775796651170754e-04
3.962232981152777216e+18 5.014206678391998073e-01 -8.026843341267970722e-01 3.229166666666666297e-01 5.908053474310664662e-04
3.962232981152777216e+18 5.050520055730142177e-01 -8.084974529266608645e-01 3.020833333333333148e-01 6.163990804228902491e-04
3.962232981152777216e+18 5.781691918475712066e-01 -7.696555665711006800e-01 2.708333333333333148e-01 6.549301039494971957e-04
3.962232981152777216e+18 7.002644285666053126e-01 -6.667071596147051693e-01 2.552083333333333148e-01 6.163990804228902491e-04
3.962232981152777216e+18 6.546239453598857727e-01 -7.134195751179367440e-01 2.500000000000000000e-01 1.198599646747799691e-03
3.962232981152777216e+18 6.074548171687004228e-01 -7.589907802296024242e-01 2.343750000000000000e-01 1.198599646747799691e-03
3.962232981152777216e+18 7.346431538755942015e-01 -6.658417427544441880e-01 1.302083333333333148e-01 6.549301039494971957e-04
3.962232981152777216e+18 4.086081247131497229e-01 -9.067462191671707972e-01 1.041666666666666574e-01 6.163990804228902491e-04
4.148967268593890816e+18 4.575494320537374926e-01 -7.741074003181356300e-01 4.375000000000000000e-01 9.914197602079385940e-04
4.148967268593890816e+18 5.019988608892129722e-01 -7.716276647716386883e-01 3.906250000000000000e-01 9.914197602079385940e-04
4.148967268593890816e+18 5.574542507711254258e-01 -7.712435347504869032e-01 3.072916666666666297e-01 5.402804149058630006e-04
4.148967268593890816e+18 5.397075530503756546e-01 -7.970979003459560674e-01 2.708333333333333148e-01 9.914197602079385940e-04
4.148967268593890816e+18 5.756129108432108676e-01 -8.173075360400320344e-01 -2.604166666666666435e-02 9.914197602079385940e-04
4.148967268593890816e+18 5.546576997644638851e-01 -8.301039097742821671e-01 -5.729166666666666435e-02 4.928432075847672712e-04
4.344502071873422848e+18 4.333250143244906649e-01 -7.759896826093988231e-01 4.583333333333333148e-01 4.189418570213727456e-04
4.344502071873422848e+18 4.575494320537374926e-01 -7.741074003181356300e-01 4.375000000000000000e-01 3.833809808615646101e-04
4.344502071873422848e+18 5.019988608892129722e-01 -7.716276647716386883e-01 3.906250000000000000e-01 3.833809808615646101e-04
4.344502071873422848e+18 6.462059359253784496e-01 -6.704452859334318893e-01 3.645833333333333148e-01 3.749511579638342283e-04
4.344502071873422848e+18 6.624648617532780115e-01 -6.543846728016831094e-01 3.645833333333333148e-01 7.536300646655772883e-04
4.344502071873422848e+18 5.189767538955655235e-01 -7.871162670183551313e-01 3.333333333333333148e-01 4.189418570213727456e-04
4.344502071873422848e+18 6.312670032943173970e-01 -7.051431038737463464e-01 3.229166666666666297e-01 4.189418570213727456e-04
4.344502071873422848e+18 5.397075530503756546e-01 -7.970979003459560674e-01 2.708333333333333148e-01 3.833809808615646101e-04
4.344502071873422848e+18 5.756129108432108676e-01 -8.173075360400320344e-01 -2.604166666666666435e-02 3.833809808615646101e-04
4.549252146524975616e+18 4.333250143244906649e-01 -7.759896826093988231e-01 4.583333333333333148e-01 3.213672564569363364e-04
4.549252146524975616e+18 6.624648617532780115e-01 -6.543846728016831094e-01 3.645833333333333148e-01 3.141236593381886754e-04
4.549252146524975616e+18 5.189767538955655235e-01 -7.871162670183551313e-01 3.333333333333333148e-01 3.213672564569363364e-04
4.549252146524975616e+18 6.312670032943173970e-01 -7.051431038737463464e-01 3.229166666666666297e-01 3.213672564569363364e-04
4.763651794908130304e+18 4.575494320537374926e-01 -7.741074003181356300e-01 4.375000000000000000e-01 4.318090243639768314e-04
4.763651794908130304e+18 5.546843315577788536e-01 -7.290342062767166675e-01 4.010416666666666297e-01 2.020023704535623657e-04
4.763651794908130304e+18 5.019988608892129722e-01 -7.716276647716386883e-01 3.906250000000000000e-01 4.318090243639768314e-04
4.763651794908130304e+18 5.397075530503756546e-01 -7.970979003459560674e-01 2.708333333333333148e-01 4.318090243639768314e-04
4.763651794908130304e+18 5.756129108432108676e-01 -8.173075360400320344e-01 -2.604166666666666435e-02 4.318090243639768314e-04
4.988155787422206976e+18 4.575494320537374926e-01 -7.741074003181356300e-01 4.375000000000000000e-01 1.611528104777670573e-04
4.988155787422206976e+18 5.546843315577788536e-01 -7.290342062767166675e-01 4.010416666666666297e-01 1.486395423041337259e-04
4.988155787422206976e+18 5.019988608892129722e-01 -7.716276647716386883e-01 3.906250000000000000e-01 1.611528104777670573e-04
4.988155787422206976e+18 5.500981633413485339e-01 -7.513128534399171610e-01 3.645833333333333148e-01 1.480844695636038071e-04
4.988155787422206976e+18 5.189396461221953416e-01 -7.976675217656745698e-01 3.072916666666666297e-01 1.471097227092861375e-04
4.988155787422206976e+18 5.397075530503756546e-01 -7.970979003459560674e-01 2.708333333333333148e-01 1.611528104777670573e-04
4.988155787422206976e+18 5.756129108432108676e-01 -8.173075360400320344e-01 -2.604166666666666435e-02 1.611528104777670573e-04
5.223240327135101952e+18 6.674601887810346357e-01 -6.433287622921779469e-01 3.750000000000000000e-01 1.149271250453519274e-04
5.223240327135101952e+18 6.367644721788473516e-01 -7.025613296370284422e-01 3.177083333333333148e-01 1.149271250453519274e-04
5.223240327135101952e+18 5.042071018431855123e-01 -8.182763571769529065e-01 2.760416666666666297e-01 2.625330368519370990e-04
5.223240327135101952e+18 5.344263269285769447e-01 -8.105481648085564039e-01 2.395833333333333148e-01 1.149271250453519274e-04
5.223240327135101952e+18 6.329374515872594475e-01 -7.712365162357445181e-01 6.770833333333332871e-02 1.149271250453519274e-04
5.469404059873880064e+18 6.509270732482248523e-01 -6.509270732482250743e-01 3.906250000000000000e-01 7.785220694429389457e-05
5.469404059873880064e+18 5.754744285835371453e-01 -7.468052429752621846e-01 3.333333333333333148e-01 1.020591432188168446e-04
5.469404059873880064e+18 6.343776316231830581e-01 -6.999278569046676335e-01 3.281250000000000000e-01 1.020591432188168446e-04
5.469404059873880064e+18 6.048848876141758035e-01 -7.279004733649200309e-01 3.229166666666666297e-01 7.785220694429389457e-05
5.469404059873880064e+18 7.025613296370269989e-01 -6.367644721788489059e-01 3.177083333333333148e-01 7.785220694429389457e-05
5.469404059873880064e+18 5.762136198062018932e-01 -7.573306384579037154e-01 3.072916666666666297e-01 7.785220694429389457e-05
5.469404059873880064e+18 7.051004867724111058e-01 -6.390658300601990138e-01 3.072916666666666297e-01 7.785220694429389457e-05
5.469404059873880064e+18 6.615501702924094785e-01 -6.863650864578605404e-01 3.020833333333333148e-01 7.785220694429389457e-05
5.997082297548711936e+18 6.207751562159979919e-01 -7.020443625742078808e-01 3.489583333333333148e-01 5.197908465013503749e-05
5.997082297548711936e+18 5.789030273861768272e-01 -7.417956759200439176e-01 3.385416666666666297e-01 7.592694804254929511e-05
5.997082297548711936e+18 5.719865063153939388e-01 -7.517748472568830387e-01 3.281250000000000000e-01 9.094591245327125599e-05
5.997082297548711936e+18 5.902637129979768638e-01 -7.375111751647170921e-01 3.281250000000000000e-01 9.094591245327125599e-05
5.997082297548711936e+18 7.159380838087693322e-01 -6.816297199233490867e-01 1.510416666666666574e-01 9.094591245327125599e-05
5.997082297548711936e+18 7.123050853842245456e-01 -6.865523317451200924e-01 1.458333333333333148e-01 9.094591245327125599e-05
5.997082297548711936e+18 7.639104657902778817e-01 -6.427740389799795340e-01 5.729166666666666435e-02 5.197908465013503749e-05
6.279716078773929984e+18 6.674601887810346357e-01 -6.433287622921779469e-01 3.750000000000000000e-01 6.950274158436860628e-05
6.279716078773929984e+18 5.789030273861768272e-01 -7.417956759200439176e-01 3.385416666666666297e-01 2.795586008726869836e-05
6.279716078773929984e+18 5.754744285835371453e-01 -7.468052429752621846e-01 3.333333333333333148e-01 2.708043874891495769e-05
6.279716078773929984e+18 6.343776316231830581e-01 -6.999278569046676335e-01 3.281250000000000000e-01 2.708043874891495769e-05
6.279716078773929984e+18 6.367644721788473516e-01 -7.025613296370284422e-01 3.177083333333333148e-01 6.950274158436860628e-05
6.279716078773929984e+18 6.804991406669186338e-01 -6.721989847561067322e-01 2.916666666666666297e-01 2.691894913918703710e-05
6.279716078773929984e+18 5.344263269285769447e-01 -8.105481648085564039e-01 2.395833333333333148e-01 6.950274158436860628e-05
6.279716078773929984e+18 6.329374515872594475e-01 -7.712365162357445181e-01 6.770833333333332871e-02 6.950274158436860628e-05
6.575669979738426368e+18 6.302348257051129110e-01 -6.149533012614331051e-01 4.739583333333333148e-01 1.809407214933496150e-05
6.575669979738426368e+18 6.283156659144191192e-01 -6.360739608636265530e-01 4.479166666666666297e-01 5.029472759706749902e-05
6.575669979738426368e+18 6.516816728859010643e-01 -6.761264191884780450e-01 3.437500000000000000e-01 1.809407214933496150e-05
6.575669979738426368e+18 6.404124627183066520e-01 -6.893920637239951965e-01 3.385416666666666297e-01 1.884191480536520608e-05
6.575669979738426368e+18 6.170094794551422845e-01 -7.152854581476505436e-01 3.281250000000000000e-01 5.029472759706749902e-05
6.575669979738426368e+18 6.429190556474818630e-01 -6.920903642302427272e-01 3.281250000000000000e-01 5.029472759706749902e-05
6.575669979738426368e+18 5.924845753022098815e-01 -7.402860548190243195e-01 3.177083333333333148e-01 5.029472759706749902e-05
6.575669979738426368e+18 6.453380332399016872e-01 -6.946943484616893150e-01 3.177083333333333148e-01 1.884191480536520608e-05
6.575669979738426368e+18 6.422324662609305568e-01 -6.999151443428001107e-01 3.125000000000000000e-01 2.442942142674673646e-05
6.575669979738426368e+18 6.645855800173818828e-01 -6.811004613345833514e-01 3.072916666666666297e-01 2.442942142674673646e-05
6.575669979738426368e+18 6.699231122177228270e-01 -6.781951661865061043e-01 3.020833333333333148e-01 2.227700930833544093e-05
6.885571758345436160e+18 6.319634342859583587e-01 -6.091153612256490213e-01 4.791666666666666297e-01 1.318994352879048508e-05
6.885571758345436160e+18 6.183254768351452713e-01 -6.906870526487305373e-01 3.750000000000000000e-01 1.318994352879048508e-05
6.885571758345436160e+18 6.783247435196134711e-01 -6.379298828120580911e-01 3.645833333333333148e-01 1.318994352879048508e-05
6.885571758345436160e+18 6.679151625198223030e-01 -6.517199897587302448e-01 3.593750000000000000e-01 1.220513995777866239e-05
6.885571758345436160e+18 5.981045452674021989e-01 -7.379801507699743635e-01 3.125000000000000000e-01 1.318994352879048508e-05
6.885571758345436160e+18 6.335950718468225107e-01 -7.077436223177286934e-01 3.125000000000000000e-01 1.490176093134600453e-05
6.885571758345436160e+18 5.762136198062018932e-01 -7.573306384579037154e-01 3.072916666666666297e-01 1.318994352879048508e-05
6.885571758345436160e+18 6.476703771972360801e-01 -6.972050732018608699e-01 3.072916666666666297e-01 1.352091051870319388e-05
7.210078757816528896e+18 6.319634342859583587e-01 -6.091153612256490213e-01 4.791666666666666297e-01 1.801547576412119718e-05
7.210078757816528896e+18 6.183254768351452713e-01 -6.906870526487305373e-01 3.750000000000000000e-01 1.801547576412119718e-05
7.210078757816528896e+18 6.783247435196134711e-01 -6.379298828120580911e-01 3.645833333333333148e-01 1.801547576412119718e-05
7.210078757816528896e+18 6.679151625198223030e-01 -6.517199897587302448e-01 3.593750000000000000e-01 1.804286926879209395e-05
7.210078757816528896e+18 5.981045452674021989e-01 -7.379801507699743635e-01 3.125000000000000000e-01 1.801547576412119718e-05
7.210078757816528896e+18 5.762136198062018932e-01 -7.573306384579037154e-01 3.072916666666666297e-01 1.801547576412119718e-05
7.210078757816528896e+18 6.699231122177228270e-01 -6.781951661865061043e-01 3.020833333333333148e-01 1.116328405614764726e-05
7.549879301005047808e+18 6.319634342859583587e-01 -6.091153612256490213e-01 4.791666666666666297e-01 6.237782305510588383e-06
7.549879301005047808e+18 6.183254768351452713e-01 -6.906870526487305373e-01 3.750000000000000000e-01 6.237782305510588383e-06
7.549879301005047808e+18 6.783247435196134711e-01 -6.379298828120580911e-01 3.645833333333333148e-01 6.237782305510588383e-06
7.549879301005047808e+18 6.679151625198223030e-01 -6.517199897587302448e-01 3.593750000000000000e-01 5.099843678160771207e-06
7.549879301005047808e+18 5.981045452674021989e-01 -7.379801507699743635e-01 3.125000000000000000e-01 6.237782305510588383e-06
7.549879301005047808e+18 5.762136198062018932e-01 -7.573306384579037154e-01 3.072916666666666297e-01 6.237782305510588383e-06
7.905694150420947968e+18 6.302348257051129110e-01 -6.149533012614331051e-01 4.739583333333333148e-01 3.808556015772719837e-06
7.905694150420947968e+18 6.679151625198223030e-01 -6.517199897587302448e-01 3.593750000000000000e-01 3.679533932573918546e-06
7.905694150420947968e+18 6.516816728859010643e-01 -6.761264191884780450e-01 3.437500000000000000e-01 3.808556015772719837e-06
8.668421261313272832e+18 6.397329283227173313e-01 -6.319300043672883005e-01 4.375000000000000000e-01 1.155210983431766679e-06
8.668421261313272832e+18 6.071156607694195850e-01 -7.305849193957612009e-01 3.125000000000000000e-01 1.155210983431766679e-06
8.668421261313272832e+18 6.592158153533659304e-01 -6.839431692677375718e-01 3.125000000000000000e-01 1.155210983431766679e-06
9.076951369252506624e+18 6.397329283227173313e-01 -6.319300043672883005e-01 4.375000000000000000e-01 7.963505254089385130e-07
9.076951369252506624e+18 6.071156607694195850e-01 -7.305849193957612009e-01 3.125000000000000000e-01 7.963505254089385130e-07
9.076951369252506624e+18 6.592158153533659304e-01 -6.839431692677375718e-01 3.125000000000000000e-01 7.963505254089385130e-07
9.504734908014069760e+18 6.397329283227173313e-01 -6.319300043672883005e-01 4.375000000000000000e-01 5.986256800055808423e-07
9.504734908014069760e+18 6.071156607694195850e-01 -7.305849193957612009e-01 3.125000000000000000e-01 5.986256800055808423e-07
9.504734908014069760e+18 6.592158153533659304e-01 -6.839431692677375718e-01 3.125000000000000000e-01 5.986256800055808423e-07
9.952679263837464576e+18 6.037446655388721828e-01 -6.827843135016438136e-01 4.114583333333333148e-01 2.223905430327491848e-07
9.952679263837464576e+18 6.319043397338142132e-01 -6.971989998243884878e-01 3.385416666666666297e-01 2.223905430327491848e-07
9.952679263837464576e+18 6.257406726609868741e-01 -7.076599430183793116e-01 3.281250000000000000e-01 2.223905430327491848e-07
9.952679263837464576e+18 6.335950718468225107e-01 -7.077436223177286934e-01 3.125000000000000000e-01 2.223905430327491848e-07
1.042173458675840819e+19 6.091153612256475780e-01 -6.319634342859596909e-01 4.791666666666666297e-01 1.265875845180762620e-07
1.196575230806595174e+19 6.262100106417728407e-01 -6.417712631220355846e-01 4.427083333333333148e-01 2.764808978356007582e-08
1.196575230806595174e+19 6.340383788057399883e-01 -6.340383788057402104e-01 4.427083333333333148e-01 2.764808978356007582e-08
1.196575230806595174e+19 6.397329283227173313e-01 -6.319300043672883005e-01 4.375000000000000000e-01 2.764808978356007582e-08
1.196575230806595174e+19 6.354394616393286288e-01 -6.432857195526798799e-01 4.270833333333333148e-01 2.764808978356007582e-08
1.373852184644056474e+19 6.030636127066490992e-01 -6.491867237498727405e-01 4.635416666666666297e-01 2.879197048201628320e-09
1.373852184644056474e+19 6.453987041915686396e-01 -6.297494958778447893e-01 4.322916666666666297e-01 2.879197048201628320e-09
1.438599843342897562e+19 6.308612402182003365e-01 -6.545250067638692659e-01 4.166666666666666297e-01 1.451070704135174162e-09
9.504734908014070989e+19 5.967649502084001467e-01 -6.191497561912260306e-01 5.104166666666666297e-01 9.396041849386752523e-54
1.196575230806595011e+20 5.924145567863179362e-01 -6.146361783987007721e-01 5.208333333333332593e-01 2.791346850697241076e-67
7.479489628934990080e+17 7.960159231848215056e-01 5.979712263447267695e-01 9.375000000000000000e-02 3.750237843982787145e-02
9.416119561117216000e+17 4.108431710579039109e-01 -9.117060320054298783e-01 0.000000000000000000e+00 2.979062675215255612e-02
1.636334037691264512e+18 4.057970059678241981e-01 -9.005080385246705399e-01 1.562500000000000000e-01 1.152172981067735996e-02
1.636334037691264512e+18 3.969921309171127732e-01 -9.106414814360874743e-01 1.145833333333333287e-01 1.152172981067735996e-02
1.636334037691264512e+18 3.873905067310565720e-01 -9.037136402415004710e-01 -1.822916666666666574e-01 1.152172981067735996e-02
3.579908811623368192e+18 6.643770202235549371e-01 -6.403570629378780854e-01 3.854166666666666297e-01 8.124439811949855450e-04
3.579908811623368192e+18 5.781691918475712066e-01 -7.696555665711006800e-01 2.708333333333333148e-01 8.124439811949855450e-04
3.579908811623368192e+18 7.346431538755942015e-01 -6.658417427544441880e-01 1.302083333333333148e-01 8.124439811949855450e-04
4.506838174858531328e+18 4.575494320537374926e-01 -7.741074003181356300e-01 4.375000000000000000e-01 2.086231163563769377e-04
4.506838174858531328e+18 5.548741927826430498e-01 -7.200718846564551079e-01 4.166666666666666297e-01 2.620139096857575082e-04
4.506838174858531328e+18 5.019988608892129722e-01 -7.716276647716386883e-01 3.906250000000000000e-01 2.086231163563769377e-04
4.506838174858531328e+18 5.397075530503756546e-01 -7.970979003459560674e-01 2.708333333333333148e-01 2.086231163563769377e-04
4.506838174858531328e+18 6.167230613562612040e-01 -7.514792245740139487e-01 2.343750000000000000e-01 2.620139096857575082e-04
4.506838174858531328e+18 5.756129108432108676e-01 -8.173075360400320344e-01 -2.604166666666666435e-02 2.086231163563769377e-04
1.962645978062937856e+18 5.427554262084828274e-01 -8.122908985815798788e-01 2.135416666666666574e-01 6.119296139243959876e-03
