9.549925860214368256e+18 -1.464386698979964173e-02 3.535342229236199812e-02 -9.992675781250000000e-01 4.716944947400168529e-07
1.380384264602886554e+19 -4.998209185575168932e-03 4.436033345722840276e-02 -9.990030924479166297e-01 1.975963220162012982e-09
4.570881896148751974e+19 -1.447791223435463369e-02 2.841450264892595584e-02 -9.994913736979166297e-01 9.522804004782463136e-27
7.943282347242789274e+19 -1.474399647745683675e-02 4.213592110506195892e-02 -9.990030924479166297e-01 6.614827770812544116e-45
7.943282347242789274e+19 -4.994750323374140023e-03 3.793889531080439637e-02 -9.992675781250000000e-01 1.695326975092696223e-46
1.096478196143182807e+20 -1.480870500757089543e-02 4.881775805645387212e-02 -9.986979166666666297e-01 1.618486517408977260e-87
1.096478196143182807e+20 -1.474399647745683675e-02 4.213592110506195892e-02 -9.990030924479166297e-01 3.213813667539316097e-72
1.096478196143182807e+20 -4.994750323374140023e-03 3.793889531080439637e-02 -9.992675781250000000e-01 9.119747075861630529e-78
1.258925411794171331e+20 -1.474399647745683675e-02 4.213592110506195892e-02 -9.990030924479166297e-01 3.213813667539316097e-72
1.318256738556410102e+20 -4.988748567602212941e-03 3.149771882503148157e-02 -9.994913736979166297e-01 5.216686946419449393e-74
1.445439770745927926e+20 -1.417450870112759234e-02 2.121365140505968722e-02 -9.996744791666666297e-01 3.073502727434133443e-82
7.943282347242788864e+18 6.179162994315297031e-01 -3.012628370505039954e-01 -7.262369791666667407e-01 5.011262894664329698e-06
8.317637711026742272e+18 5.490391546520804189e-01 -2.531105171624459249e-01 -7.965494791666667407e-01 1.788212706459843829e-06
8.709635899560833024e+18 5.490391546520804189e-01 -2.531105171624459249e-01 -7.965494791666667407e-01 1.649563399057463089e-06
8.709635899560833024e+18 5.367427610091950463e-01 -2.274883700416928112e-01 -8.125000000000000000e-01 4.565880095244381092e-04
8.709635899560833024e+18 5.065151735859396709e-01 -2.537865943448803230e-01 -8.240356445312500000e-01 3.931283626233196852e-04
9.549925860214368256e+18 5.490391546520804189e-01 -2.531105171624459249e-01 -7.965494791666667407e-01 1.415083484220050294e-06
9.549925860214368256e+18 5.367427610091950463e-01 -2.274883700416928112e-01 -8.125000000000000000e-01 1.933830357101896287e-06
1.000000000000000000e+19 5.490391546520804189e-01 -2.531105171624459249e-01 -7.965494791666667407e-01 7.645729494948854319e-07
1.047128548050898534e+19 4.159529296495924067e-01 -1.933651801173683904e-01 -8.885904947916666297e-01 1.532549953010056958e-04
1.047128548050898534e+19 3.930523589785475114e-01 -1.575140665083687719e-01 -9.059244791666666297e-01 1.385822058593285492e-07
1.096478196143182848e+19 4.310643196046937686e-01 -2.021993892485688671e-01 -8.793741861979166297e-01 8.334421794281897747e-05
1.202264434617417933e+19 3.930523589785475114e-01 -1.575140665083687719e-01 -9.059244791666666297e-01 1.663346963698282656e-08
1.258925411794171290e+19 4.135767336262697880e-01 -1.844917832780534617e-01 -8.915812174479166297e-01 3.171557563335690926e-05
1.258925411794171290e+19 3.930523589785475114e-01 -1.575140665083687719e-01 -9.059244791666666297e-01 4.775020778153451382e-08
1.380384264602886554e+19 3.493497543495966973e-01 -1.207533428495772831e-01 -9.291788736979166297e-01 5.927889660486038532e-09
1.380384264602886554e+19 3.020464662952874191e-01 -6.386469506908516724e-02 -9.511515299479166297e-01 5.927889660486038532e-09
1.513561248436207206e+19 3.524403595756209207e-01 -1.300221131670373509e-01 -9.267578125000000000e-01 5.595652928817103021e-06
1.584893192461110886e+19 3.524403595756209207e-01 -1.300221131670373509e-01 -9.267578125000000000e-01 4.805380074896499469e-10
1.584893192461110886e+19 2.894528033953094881e-01 -6.388827410059816359e-02 -9.550577799479166297e-01 7.630186320900873140e-10
1.659586907437556326e+19 2.913998330449847352e-01 -1.019652116120613738e-01 -9.511515299479166297e-01 1.300559568023402556e-10
1.659586907437556326e+19 2.783546837894284587e-01 -1.018985131071309669e-01 -9.550577799479166297e-01 1.553667261460134944e-10
1.659586907437556326e+19 2.585970860711160890e-01 -1.017456267218763977e-01 -9.606119791666666297e-01 1.553667261460134944e-10
1.737800828749369139e+19 2.783546837894284587e-01 -1.018985131071309669e-01 -9.550577799479166297e-01 1.813337450633994603e-06
1.737800828749369139e+19 2.585970860711160890e-01 -1.017456267218763977e-01 -9.606119791666666297e-01 1.813337450633994603e-06
1.737800828749369139e+19 2.325191897192927515e-01 -8.286671650218928320e-02 -9.690551757812500000e-01 5.998544386131777869e-11
1.819700858609990246e+19 2.848894128261148517e-01 -1.019350618511192380e-01 -9.531250000000000000e-01 5.370321765515181061e-11
1.819700858609990246e+19 2.880721011977865342e-01 -9.255916424910183571e-02 -9.531250000000000000e-01 3.476242033194128470e-11
1.819700858609990246e+19 2.845391540598499192e-01 -8.307891891365622172e-02 -9.550577799479166297e-01 3.476242033194128470e-11
1.819700858609990246e+19 2.652093571686354734e-01 -1.018043339719013479e-01 -9.588012695312500000e-01 5.370321765515181061e-11
1.819700858609990246e+19 2.686007188117179867e-01 -9.248664443632761967e-02 -9.588012695312500000e-01 5.370321765515181061e-11
1.905460717963252122e+19 2.879819706420497782e-01 -1.112526478914503264e-01 -9.511515299479166297e-01 3.414950479147850709e-12
1.905460717963252122e+19 2.325191897192927515e-01 -8.286671650218928320e-02 -9.690551757812500000e-01 8.759303480815561185e-12
1.995262314968882790e+19 2.880721011977865342e-01 -9.255916424910183571e-02 -9.531250000000000000e-01 3.676582024875653134e-12
1.995262314968882790e+19 2.783546837894284587e-01 -1.018985131071309669e-01 -9.550577799479166297e-01 2.161926417748658297e-12
1.995262314968882790e+19 2.845391540598499192e-01 -8.307891891365622172e-02 -9.550577799479166297e-01 3.676582024875653134e-12
1.995262314968882790e+19 2.585970860711160890e-01 -1.017456267218763977e-01 -9.606119791666666297e-01 2.161926417748658297e-12
1.995262314968882790e+19 2.385897977103583478e-01 -1.015151777131549915e-01 -9.657999674479166297e-01 3.054825046160264947e-12
1.995262314968882790e+19 2.325191897192927515e-01 -8.286671650218928320e-02 -9.690551757812500000e-01 3.498645773177006441e-12
2.089296130854040781e+19 2.151405128201172301e-01 -5.421067174033379621e-02 -9.750773111979166297e-01 2.169641647084716143e-07
2.089296130854040781e+19 2.045498802367510527e-01 -4.449710277414442583e-02 -9.778442382812500000e-01 2.169641647084716143e-07
2.187761623949552026e+19 2.059165644158525987e-01 -8.259906589189298931e-02 -9.750773111979166297e-01 9.492347598765951271e-08
2.187761623949552026e+19 2.204703154356003891e-01 -2.484103860083398257e-02 -9.750773111979166297e-01 3.379337797726522117e-13
2.187761623949552026e+19 2.078533810695825101e-01 -2.485191417385976959e-02 -9.778442382812500000e-01 2.152194603429909530e-13
2.187761623949552026e+19 2.000687198521509946e-01 -3.471521605305770419e-02 -9.791666666666666297e-01 9.492347598765951271e-08
2.187761623949552026e+19 2.015311232326113811e-01 -2.485649326616597155e-02 -9.791666666666666297e-01 3.379337797726522117e-13
2.187761623949552026e+19 1.936899009150913065e-01 -3.471523467568958521e-02 -9.804484049479166297e-01 9.492347598765951271e-08
2.187761623949552026e+19 1.835868913647713263e-01 -1.494899201763986649e-02 -9.828898111979166297e-01 2.152194603429909530e-13
2.187761623949552026e+19 1.772654937651845231e-01 -1.495216613061345345e-02 -9.840494791666666297e-01 2.152194603429909530e-13
2.187761623949552026e+19 1.588857930676502161e-01 4.993187203452812382e-03 -9.872843424479166297e-01 3.379337797726522117e-13
2.187761623949552026e+19 1.525622075456890270e-01 4.994369552166286891e-03 -9.882812500000000000e-01 3.379337797726522117e-13
2.290867652767770214e+19 2.151405128201172301e-01 -5.421067174033379621e-02 -9.750773111979166297e-01 4.261974754889159311e-08
2.290867652767770214e+19 1.991911326034642438e-01 -8.250766862881242503e-02 -9.764811197916666297e-01 4.770462541600608288e-08
2.290867652767770214e+19 2.059542655757077290e-01 -6.377666643517557188e-02 -9.764811197916666297e-01 4.770462541600608288e-08
2.290867652767770214e+19 2.045498802367510527e-01 -4.449710277414442583e-02 -9.778442382812500000e-01 4.261974754889159311e-08
2.398832919019484774e+19 2.192745711386420437e-01 -8.275059027256846667e-02 -9.721476236979166297e-01 1.624003693147300533e-14
2.398832919019484774e+19 2.088016812188371041e-01 -9.187493860420790914e-02 -9.736328125000000000e-01 1.624003693147300533e-14
2.398832919019484774e+19 2.059165644158525987e-01 -8.259906589189298931e-02 -9.750773111979166297e-01 8.704548907126400613e-15
2.398832919019484774e+19 2.151405128201172301e-01 -5.421067174033379621e-02 -9.750773111979166297e-01 3.869764091292250134e-14
2.398832919019484774e+19 2.045498802367510527e-01 -4.449710277414442583e-02 -9.778442382812500000e-01 3.869764091292250134e-14
2.398832919019484774e+19 2.000687198521509946e-01 -3.471521605305770419e-02 -9.791666666666666297e-01 8.704548907126400613e-15
2.398832919019484774e+19 1.936899009150913065e-01 -3.471523467568958521e-02 -9.804484049479166297e-01 8.704548907126400613e-15
2.511886431509571994e+19 2.124917280486224025e-01 -6.380832781033797529e-02 -9.750773111979166297e-01 1.128889340269886680e-15
2.511886431509571994e+19 2.078533810695825101e-01 -2.485191417385976959e-02 -9.778442382812500000e-01 8.737528924797841774e-16
2.511886431509571994e+19 1.835868913647713263e-01 -1.494899201763986649e-02 -9.828898111979166297e-01 8.737528924797841774e-16
2.511886431509571994e+19 1.772654937651845231e-01 -1.495216613061345345e-02 -9.840494791666666297e-01 8.737528924797841774e-16
2.630267991895370547e+19 1.692034637641952610e-01 -7.278603501718217128e-02 -9.828898111979166297e-01 8.748949696950074371e-16
2.630267991895370547e+19 1.760811404710072026e-01 -5.406524774523129018e-02 -9.828898111979166297e-01 9.906918383857167501e-17
2.630267991895370547e+19 1.628804986604210636e-01 -5.397271928297389665e-02 -9.851684570312500000e-01 6.020660896131138712e-16
2.630267991895370547e+19 1.592090482744347169e-01 -4.438284956365363965e-02 -9.862467447916666297e-01 6.020660896131138712e-16
2.630267991895370547e+19 1.615983497666735325e-01 -3.468907235036757658e-02 -9.862467447916666297e-01 6.020660896131138712e-16
2.754228703338174464e+19 1.826440046887660429e-01 -5.410161896273014276e-02 -9.816894531250000000e-01 1.912971317419300661e-09
2.754228703338174464e+19 1.760811404710072026e-01 -5.406524774523129018e-02 -9.828898111979166297e-01 9.906918383857167501e-17
2.754228703338174464e+19 1.694939077663172866e-01 -5.402256733917097653e-02 -9.840494791666666297e-01 1.912971317419300661e-09
2.754228703338174464e+19 1.657431651645323301e-01 -4.441074725681476432e-02 -9.851684570312500000e-01 1.912971317419300661e-09
2.884031503126611558e+19 1.826440046887660429e-01 -5.410161896273014276e-02 -9.816894531250000000e-01 4.819931177501461654e-17
2.884031503126611558e+19 1.694939077663172866e-01 -5.402256733917097653e-02 -9.840494791666666297e-01 4.819931177501461654e-17
2.884031503126611558e+19 1.628804986604210636e-01 -5.397271928297389665e-02 -9.851684570312500000e-01 1.710989147249943260e-17
2.884031503126611558e+19 1.657431651645323301e-01 -4.441074725681476432e-02 -9.851684570312500000e-01 4.819931177501461654e-17
2.884031503126611558e+19 1.592090482744347169e-01 -4.438284956365363965e-02 -9.862467447916666297e-01 1.710989147249943260e-17
2.884031503126611558e+19 1.615983497666735325e-01 -3.468907235036757658e-02 -9.862467447916666297e-01 1.710989147249943260e-17
3.019951720402019123e+19 1.826440046887660429e-01 -5.410161896273014276e-02 -9.816894531250000000e-01 4.131530669489321261e-18
3.019951720402019123e+19 1.728958688039870517e-01 -6.351879716932853914e-02 -9.828898111979166297e-01 2.169213292037193302e-17
3.019951720402019123e+19 1.760811404710072026e-01 -5.406524774523129018e-02 -9.828898111979166297e-01 2.859959527305647482e-18
3.019951720402019123e+19 1.623795572000227005e-01 -7.266018136047205922e-02 -9.840494791666666297e-01 8.262237633929973778e-19
3.019951720402019123e+19 1.694939077663172866e-01 -5.402256733917097653e-02 -9.840494791666666297e-01 4.131530669489321261e-18
3.019951720402019123e+19 1.628804986604210636e-01 -5.397271928297389665e-02 -9.851684570312500000e-01 3.082220418442672997e-10
3.019951720402019123e+19 1.657431651645323301e-01 -4.441074725681476432e-02 -9.851684570312500000e-01 4.131530669489321261e-18
3.019951720402019123e+19 1.562388102307279147e-01 -5.391467857205290565e-02 -9.862467447916666297e-01 2.169213292037193302e-17
3.019951720402019123e+19 1.592090482744347169e-01 -4.438284956365363965e-02 -9.862467447916666297e-01 3.082220418442672997e-10
3.019951720402019123e+19 1.615983497666735325e-01 -3.468907235036757658e-02 -9.862467447916666297e-01 3.082220418442672997e-10
3.162277660168379187e+19 1.728958688039870517e-01 -6.351879716932853914e-02 -9.828898111979166297e-01 8.096654940066393877e-19
3.162277660168379187e+19 1.760811404710072026e-01 -5.406524774523129018e-02 -9.828898111979166297e-01 3.636706385968394288e-19
3.162277660168379187e+19 1.661981929844391082e-01 -6.344117905997066764e-02 -9.840494791666666297e-01 1.579685885344786337e-18
3.162277660168379187e+19 1.722563320076563875e-01 -4.443398063509718110e-02 -9.840494791666666297e-01 1.579685885344786337e-18
3.162277660168379187e+19 1.562388102307279147e-01 -5.391467857205290565e-02 -9.862467447916666297e-01 8.096654940066393877e-19
3.311311214825907814e+19 1.377651890239851296e-01 -2.485557479277769946e-02 -9.901529947916666297e-01 2.280318389105383701e-19
3.311311214825907814e+19 1.391873555153194386e-01 -1.496418957865055036e-02 -9.901529947916666297e-01 1.924608728760154333e-19
3.311311214825907814e+19 1.399002551475439227e-01 -4.996550284529596708e-03 -9.901529947916666297e-01 1.924608728760154333e-19
3.311311214825907814e+19 1.208726259265859443e-01 4.999328788489286815e-03 -9.926554361979166297e-01 3.165827354277529265e-19
3.311311214825907814e+19 1.081658951991099210e-01 5.000811139301707293e-03 -9.941202799479166297e-01 1.924608728760154333e-19
3.467368504525309133e+19 1.328152638261572427e-01 -1.496468623890215809e-02 -9.910278320312500000e-01 2.295286008237385626e-20
3.801893963205627904e+19 1.328152638261572427e-01 -1.496468623890215809e-02 -9.910278320312500000e-01 2.665721448993234356e-22
3.981071705534985830e+19 1.486564143424347617e-01 -3.466181433923872651e-02 -9.882812500000000000e-01 1.275952580590853077e-12
3.981071705534985830e+19 1.441913947208027236e-01 -2.486110789369115615e-02 -9.892374674479166297e-01 1.275952580590853077e-12
3.981071705534985830e+19 1.377651890239851296e-01 -2.485557479277769946e-02 -9.901529947916666297e-01 1.591912748036456053e-23
3.981071705534985830e+19 1.391873555153194386e-01 -1.496418957865055036e-02 -9.901529947916666297e-01 3.151223677783522606e-23
3.981071705534985830e+19 1.399002551475439227e-01 -4.996550284529596708e-03 -9.901529947916666297e-01 3.151223677783522606e-23
3.981071705534985830e+19 1.335621978141888766e-01 -4.997544845623670511e-03 -9.910278320312500000e-01 1.275952580590853077e-12
3.981071705534985830e+19 1.264352603275120945e-01 -1.496459920937211543e-02 -9.918619791666666297e-01 1.275952580590853077e-12
3.981071705534985830e+19 1.081658951991099210e-01 5.000811139301707293e-03 -9.941202799479166297e-01 3.151223677783522606e-23
4.168693834703363277e+19 8.907488889637854568e-02 5.002338461766964346e-03 -9.960123697916666297e-01 2.655916930551135855e-24
4.365158322401665024e+19 1.328152638261572427e-01 -1.496468623890215809e-02 -9.910278320312500000e-01 2.895905999719638527e-25
4.365158322401665024e+19 1.145213554771058739e-01 -5.000110363291357385e-03 -9.934082031250000000e-01 1.045434400582766082e-25
4.786300923226380698e+19 1.018063146042409300e-01 5.001423523145664442e-03 -9.947916666666666297e-01 2.447462955326351849e-28
4.786300923226380698e+19 9.544264928656391589e-02 5.001937297998951606e-03 -9.954223632812500000e-01 2.447462955326351849e-28
5.011872336272715776e+19 1.018063146042409300e-01 5.001423523145664442e-03 -9.947916666666666297e-01 6.409471605230582766e-16
5.011872336272715776e+19 9.544264928656391589e-02 5.001937297998951606e-03 -9.954223632812500000e-01 6.409471605230582766e-16
5.011872336272715776e+19 8.907488889637854568e-02 5.002338461766964346e-03 -9.960123697916666297e-01 1.244865812685438288e-28
5.248074602497712128e+19 9.544264928656391589e-02 5.001937297998951606e-03 -9.954223632812500000e-01 3.231478765299836690e-16
5.248074602497712128e+19 8.907488889637854568e-02 5.002338461766964346e-03 -9.960123697916666297e-01 3.231478765299836690e-16
5.495408738576225894e+19 9.544264928656391589e-02 5.001937297998951606e-03 -9.954223632812500000e-01 5.523231829620329429e-31
5.495408738576225894e+19 8.907488889637854568e-02 5.002338461766964346e-03 -9.960123697916666297e-01 5.523231829620329429e-31
5.754399373371590246e+19 6.199474965294999446e-02 1.488362256616268878e-02 -9.979654947916666297e-01 3.274198889205476841e-33
6.025595860743593165e+19 1.018063146042409300e-01 -5.001423523145672248e-03 -9.947916666666666297e-01 7.316985602932706884e-34
6.025595860743593165e+19 4.881775805645387212e-02 1.480870500757090064e-02 -9.986979166666666297e-01 1.759176734795329316e-18
6.309573444801943962e+19 6.199474965294999446e-02 1.488362256616268878e-02 -9.979654947916666297e-01 1.940756902786727149e-26
6.606934480075965235e+19 3.535342229236199119e-02 1.464386698979965214e-02 -9.992675781250000000e-01 5.671049842159712495e-37
6.918309709189361664e+19 5.543086946427680517e-02 1.485265670870794703e-02 -9.983520507812500000e-01 4.099456813220688507e-21
7.244359600749890765e+19 5.200961323364780564e-02 2.425248094852953604e-02 -9.983520507812500000e-01 2.811249897636564059e-53
7.244359600749890765e+19 4.499070349548731779e-02 2.404803203259817460e-02 -9.986979166666666297e-01 1.744943512381940885e-41
7.244359600749890765e+19 3.779863772440379688e-02 2.375045822039111715e-02 -9.990030924479166297e-01 1.744943512381940885e-41
7.585775750291819725e+19 5.543086946427680517e-02 1.485265670870794703e-02 -9.983520507812500000e-01 7.488271348372023321e-44
7.943282347242789274e+19 5.543086946427680517e-02 1.485265670870794703e-02 -9.983520507812500000e-01 1.171921387882488209e-23
8.317637711026674074e+19 4.213592110506196586e-02 1.474399647745682808e-02 -9.990030924479166297e-01 1.173733101895105743e-46
8.317637711026674074e+19 3.535342229236199119e-02 1.464386698979965214e-02 -9.992675781250000000e-01 2.107252984672264575e-24
8.317637711026674074e+19 3.035867196898785203e-02 2.329502832100474249e-02 -9.992675781250000000e-01 5.021813958003092077e-25
9.120108393559115366e+19 4.499070349548731779e-02 2.404803203259817460e-02 -9.986979166666666297e-01 8.433749692909692642e-53
9.120108393559115366e+19 3.779863772440379688e-02 2.375045822039111715e-02 -9.990030924479166297e-01 8.433749692909692642e-53
9.549925860214369485e+19 3.035867196898785203e-02 2.329502832100474249e-02 -9.992675781250000000e-01 1.491817355898425540e-53
1.047128548050898289e+20 3.035867196898785203e-02 2.329502832100474249e-02 -9.992675781250000000e-01 1.833999223041270755e-59
1.096478196143182807e+20 4.213592110506196586e-02 1.474399647745682808e-02 -9.990030924479166297e-01 5.216686946419449393e-74
1.096478196143182807e+20 3.535342229236199119e-02 1.464386698979965214e-02 -9.992675781250000000e-01 5.216686946419449393e-74
1.202264434617418056e+20 2.841450264892595584e-02 1.447791223435463369e-02 -9.994913736979166297e-01 5.758754067724564337e-46
1.318256738556410102e+20 2.254987697806238450e-02 2.254987697806238103e-02 -9.994913736979166297e-01 1.043337389283889879e-73
1.380384264602886636e+20 3.035867196898785203e-02 2.329502832100474249e-02 -9.992675781250000000e-01 2.735924122758488967e-77
1.584893192461110804e+20 3.035867196898785203e-02 2.329502832100474249e-02 -9.992675781250000000e-01 8.114765431698428579e-88
2.089296130854040699e+20 4.952699800760841826e-03 1.848372729107572096e-02 -9.998168945312500000e-01 9.919256344596975005e-60
7.567806242181036032e+18 2.894528033953094881e-01 -6.388827410059816359e-02 -9.550577799479166297e-01 5.461031316020026811e-06
8.689004143746845696e+18 2.155649627232328336e-01 -9.198230582359374907e-02 -9.721476236979166297e-01 1.106383194269423317e-06
1.044648065427020390e+19 2.109602693714879851e-01 -4.450154421053301862e-02 -9.764811197916666297e-01 1.321249643704804605e-07
1.044648065427020390e+19 2.064354520008862270e-01 -3.471382746618077025e-02 -9.778442382812500000e-01 1.321249643704804605e-07
1.044648065427020390e+19 1.894518528214568232e-01 -7.307964389216747847e-02 -9.791666666666666297e-01 1.321249643704804605e-07
1.044648065427020390e+19 1.981243334016166147e-01 -4.449030684378363354e-02 -9.791666666666666297e-01 1.321249643704804605e-07
1.044648065427020390e+19 1.825083232604933769e-01 -2.486626196208551257e-02 -9.828898111979166297e-01 1.321249643704804605e-07
1.655655607412953907e+19 1.377651890239851296e-01 -2.485557479277769946e-02 -9.901529947916666297e-01 6.502797840117012779e-11
1.815390273850501325e+19 1.391873555153194386e-01 -1.496418957865055036e-02 -9.901529947916666297e-01 1.125236133713112904e-11
1.815390273850501325e+19 1.399002551475439227e-01 -4.996550284529596708e-03 -9.901529947916666297e-01 1.125236133713112904e-11
1.815390273850501325e+19 1.081658951991099210e-01 5.000811139301707293e-03 -9.941202799479166297e-01 1.125236133713112904e-11
2.747704369288112947e+19 7.502072662046861684e-02 1.492255033461954185e-02 -9.970703125000000000e-01 5.126868474992366835e-17
2.747704369288112947e+19 6.852191369599530679e-02 1.490602992523256537e-02 -9.975382486979166297e-01 5.126868474992366835e-17
7.227198853729639629e+19 3.035867196898785203e-02 2.329502832100474249e-02 -9.992675781250000000e-01 2.839034641950622124e-42
8.297934537187781837e+19 2.121365140505968028e-02 1.417450870112759755e-02 -9.996744791666666297e-01 1.302723778528453812e-48
1.581138830084189716e+20 4.994750323374144360e-03 3.793889531080439637e-02 -9.992675781250000000e-01 1.618486517408977260e-87
5.792669429164563456e+18 4.993292278757452962e-01 -2.790900075501101529e-01 -8.202311197916667407e-01 5.424862407762650381e-05
6.065669528699967488e+18 5.490391546520804189e-01 -2.531105171624459249e-01 -7.965494791666667407e-01 3.478589684004780959e-05
6.351535726544174080e+18 4.993292278757452962e-01 -2.790900075501101529e-01 -8.202311197916667407e-01 2.929028039320023783e-05
8.372954771698573312e+18 4.135767336262697880e-01 -1.844917832780534617e-01 -8.915812174479166297e-01 1.826018514190595964e-06
1.103770404941969203e+19 2.848894128261148517e-01 -1.019350618511192380e-01 -9.531250000000000000e-01 7.091344719286093308e-08
1.103770404941969203e+19 2.652093571686354734e-01 -1.018043339719013479e-01 -9.588012695312500000e-01 7.091344719286093308e-08
1.103770404941969203e+19 2.686007188117179867e-01 -9.248664443632761967e-02 -9.588012695312500000e-01 7.091344719286093308e-08
1.210260182567000883e+19 2.913998330449847352e-01 -1.019652116120613738e-01 -9.511515299479166297e-01 1.663346963698282656e-08
1.595433641075460301e+19 2.151405128201172301e-01 -5.421067174033379621e-02 -9.750773111979166297e-01 1.045942128665373483e-10
1.595433641075460301e+19 2.045498802367510527e-01 -4.449710277414442583e-02 -9.778442382812500000e-01 1.045942128665373483e-10
1.831802912858741965e+19 1.692034637641952610e-01 -7.278603501718217128e-02 -9.828898111979166297e-01 3.414950479147850709e-12
2.528591916763940045e+19 1.208726259265859443e-01 4.999328788489286815e-03 -9.926554361979166297e-01 1.128889340269886680e-15
3.040036131186371789e+19 1.145213554771058739e-01 -5.000110363291357385e-03 -9.934082031250000000e-01 1.972012083670175904e-18
3.040036131186371789e+19 1.072430619194915669e-01 -1.495976826050097845e-02 -9.941202799479166297e-01 8.262237633929973778e-19
3.183308620071456358e+19 8.907488889637854568e-02 5.002338461766964346e-03 -9.960123697916666297e-01 3.636706385968394288e-19
3.490428493502994432e+19 5.543086946427680517e-02 1.485265670870794703e-02 -9.983520507812500000e-01 7.481347945391003631e-21
4.601280882009622118e+19 5.200961323364780564e-02 2.425248094852953604e-02 -9.983520507812500000e-01 1.357361016755940105e-27
5.282977308203702682e+19 4.881775805645387212e-02 1.480870500757090064e-02 -9.986979166666666297e-01 1.044566466958389146e-31
5.282977308203702682e+19 4.213592110506196586e-02 1.474399647745682808e-02 -9.990030924479166297e-01 1.044566466958389146e-31
1.006650573467339817e+20 3.035867196898785203e-02 2.329502832100474249e-02 -9.992675781250000000e-01 3.398963889084472436e-57
1.054092553389459866e+20 3.035867196898785203e-02 2.329502832100474249e-02 -9.992675781250000000e-01 1.833999223041270755e-59
1.455052774133888451e+20 4.952699800760841826e-03 1.848372729107572096e-02 -9.998168945312500000e-01 3.073502727434133443e-82
2.079409427756685568e+18 8.443850278470406145e-01 -5.274702477370191156e-01 -9.375000000000000000e-02 7.887987481721335514e-03
2.079409427756685568e+18 8.238971907614766055e-01 -4.339036899023819838e-01 -3.645833333333333148e-01 7.887987481721335514e-03
2.280027098389778944e+18 8.443850278470406145e-01 -5.274702477370191156e-01 -9.375000000000000000e-02 5.667882060138929382e-03
2.280027098389778944e+18 8.238971907614766055e-01 -4.339036899023819838e-01 -3.645833333333333148e-01 5.667882060138929382e-03
2.617821370127246336e+18 9.275327282249020699e-01 -3.318765168653394770e-01 -1.718750000000000000e-01 3.900616622357170118e-03
2.617821370127246336e+18 8.581589400905599296e-01 -4.188418172981859255e-01 -2.968750000000000000e-01 3.900616622357170118e-03
2.617821370127246336e+18 8.896284439327826199e-01 -3.121700187952468064e-01 -3.333333333333333148e-01 3.689353095643985170e-03
2.617821370127246336e+18 8.057644705230800897e-01 -3.750655590669662587e-01 -4.583333333333333148e-01 3.951885796044201510e-03
2.617821370127246336e+18 7.065462244057741925e-01 -4.294021224655803493e-01 -5.625000000000000000e-01 7.603940683610451237e-03
2.741195490357957120e+18 8.057644705230800897e-01 -3.750655590669662587e-01 -4.583333333333333148e-01 6.258619386663853701e-03
2.741195490357957120e+18 7.065462244057741925e-01 -4.294021224655803493e-01 -5.625000000000000000e-01 6.411688281596263257e-03
2.870384053742198272e+18 9.275327282249020699e-01 -3.318765168653394770e-01 -1.718750000000000000e-01 2.446369496877367697e-03
2.870384053742198272e+18 8.581589400905599296e-01 -4.188418172981859255e-01 -2.968750000000000000e-01 2.446369496877367697e-03
2.870384053742198272e+18 7.065462244057741925e-01 -4.294021224655803493e-01 -5.625000000000000000e-01 7.979675111559567449e-03
3.005661086543544832e+18 9.275327282249020699e-01 -3.318765168653394770e-01 -1.718750000000000000e-01 6.419967694665172989e-03
3.005661086543544832e+18 8.581589400905599296e-01 -4.188418172981859255e-01 -2.968750000000000000e-01 6.419967694665172989e-03
3.147313529485428224e+18 9.275327282249020699e-01 -3.318765168653394770e-01 -1.718750000000000000e-01 5.730990179398052012e-03
3.147313529485428224e+18 8.581589400905599296e-01 -4.188418172981859255e-01 -2.968750000000000000e-01 5.730990179398052012e-03
3.147313529485428224e+18 8.896284439327826199e-01 -3.121700187952468064e-01 -3.333333333333333148e-01 1.878386157579021998e-03
3.147313529485428224e+18 7.065462244057741925e-01 -4.294021224655803493e-01 -5.625000000000000000e-01 1.841163861229390148e-03
3.295641846391025664e+18 6.179162994315297031e-01 -3.012628370505039954e-01 -7.262369791666667407e-01 1.485789991647861429e-03
3.295641846391025664e+18 6.672074730417558719e-01 -1.434076312029551881e-01 -7.309366861979167407e-01 2.891099915734217461e-03
3.450960661507216384e+18 6.651864751860205871e-01 -1.525074227688796302e-01 -7.309366861979167407e-01 3.576100659389911188e-03
3.450960661507216384e+18 6.620296840224823010e-01 -1.435815413523932882e-01 -7.355957031250000000e-01 1.166881673276794814e-03
3.450960661507216384e+18 6.568243884980199399e-01 -1.437529566390440272e-01 -7.402140299479167407e-01 1.166881673276794814e-03
3.450960661507216384e+18 6.483063704625965373e-01 -1.349276818729701621e-01 -7.493286132812500000e-01 1.166881673276794814e-03
3.450960661507216384e+18 6.518650276968867008e-01 -1.165273143247368137e-01 -7.493286132812500000e-01 3.576100659389911188e-03
3.613599426864819712e+18 6.179162994315297031e-01 -3.012628370505039954e-01 -7.262369791666667407e-01 8.930758249852013657e-04
3.613599426864819712e+18 6.651864751860205871e-01 -1.525074227688796302e-01 -7.309366861979167407e-01 1.017821024717975630e-03
3.613599426864819712e+18 6.672074730417558719e-01 -1.434076312029551881e-01 -7.309366861979167407e-01 1.920476938912683666e-03
3.613599426864819712e+18 6.518650276968867008e-01 -1.165273143247368137e-01 -7.493286132812500000e-01 1.017821024717975630e-03
3.613599426864819712e+18 5.242524687498596458e-01 -2.788697563442035787e-01 -8.046061197916667407e-01 9.447083785769111886e-04
3.783903121090518016e+18 6.179162994315297031e-01 -3.012628370505039954e-01 -7.262369791666667407e-01 7.551905490926102320e-04
3.783903121090518016e+18 6.723575409654444224e-01 -1.432312368087881871e-01 -7.262369791666667407e-01 7.861056046693729992e-04
3.783903121090518016e+18 6.651864751860205871e-01 -1.525074227688796302e-01 -7.309366861979167407e-01 8.248060400421468753e-04
3.783903121090518016e+18 6.620296840224823010e-01 -1.435815413523932882e-01 -7.355957031250000000e-01 7.633729062515328106e-04
3.783903121090518016e+18 6.639451743075425183e-01 -1.344461492857408069e-01 -7.355957031250000000e-01 7.861056046693729992e-04
3.783903121090518016e+18 6.568243884980199399e-01 -1.437529566390440272e-01 -7.402140299479167407e-01 7.633729062515328106e-04
3.783903121090518016e+18 6.483063704625965373e-01 -1.349276818729701621e-01 -7.493286132812500000e-01 7.633729062515328106e-04
3.783903121090518016e+18 6.518650276968867008e-01 -1.165273143247368137e-01 -7.493286132812500000e-01 8.248060400421468753e-04
3.783903121090518016e+18 6.522409704652982754e-01 -7.955992791639945882e-02 -7.538248697916667407e-01 7.861056046693729992e-04
3.962232981152777216e+18 6.179162994315297031e-01 -3.012628370505039954e-01 -7.262369791666667407e-01 6.755842844359751138e-04
3.962232981152777216e+18 6.791258535449392619e-01 -1.066204724137541360e-01 -7.262369791666667407e-01 5.819986732795474774e-04
3.962232981152777216e+18 6.651864751860205871e-01 -1.525074227688796302e-01 -7.309366861979167407e-01 1.893019827612941845e-03
3.962232981152777216e+18 6.620296840224823010e-01 -1.435815413523932882e-01 -7.355957031250000000e-01 1.197709887714512502e-03
3.962232981152777216e+18 6.673976542165409587e-01 -1.161005283807752114e-01 -7.355957031250000000e-01 5.819986732795474774e-04
3.962232981152777216e+18 6.689339883681837406e-01 -1.068937825594710178e-01 -7.355957031250000000e-01 5.819986732795474774e-04
3.962232981152777216e+18 6.568243884980199399e-01 -1.437529566390440272e-01 -7.402140299479167407e-01 1.197709887714512502e-03
3.962232981152777216e+18 6.515917969830052892e-01 -1.439218654977302558e-01 -7.447916666666667407e-01 5.819986732795474774e-04
3.962232981152777216e+18 6.463321158517880693e-01 -1.440882553733990046e-01 -7.493286132812500000e-01 5.819986732795474774e-04
3.962232981152777216e+18 6.483063704625965373e-01 -1.349276818729701621e-01 -7.493286132812500000e-01 1.197709887714512502e-03
3.962232981152777216e+18 6.518650276968867008e-01 -1.165273143247368137e-01 -7.493286132812500000e-01 1.893019827612941845e-03
4.148967268593890816e+18 5.490391546520804189e-01 -2.531105171624459249e-01 -7.965494791666667407e-01 5.215969287170567478e-04
4.148967268593890816e+18 4.993292278757452962e-01 -2.790900075501101529e-01 -8.202311197916667407e-01 1.026370071727966855e-03
4.344502071873422848e+18 5.490391546520804189e-01 -2.531105171624459249e-01 -7.965494791666667407e-01 3.651885649374697574e-04
4.344502071873422848e+18 5.065151735859396709e-01 -2.537865943448803230e-01 -8.240356445312500000e-01 4.208514142837434593e-04
4.549252146524975616e+18 5.490391546520804189e-01 -2.531105171624459249e-01 -7.965494791666667407e-01 8.960922671610897176e-04
4.549252146524975616e+18 5.367427610091950463e-01 -2.274883700416928112e-01 -8.125000000000000000e-01 2.946300757612205288e-04
4.763651794908130304e+18 5.490391546520804189e-01 -2.531105171624459249e-01 -7.965494791666667407e-01 2.106401826417635050e-04
4.763651794908130304e+18 4.993292278757452962e-01 -2.790900075501101529e-01 -8.202311197916667407e-01 4.207377660841324580e-04
4.988155787422206976e+18 5.490391546520804189e-01 -2.531105171624459249e-01 -7.965494791666667407e-01 1.810493284845710537e-04
4.988155787422206976e+18 4.993292278757452962e-01 -2.790900075501101529e-01 -8.202311197916667407e-01 6.579048136498332269e-04
5.223240327135101952e+18 4.223645052550321632e-01 -1.933735683402510175e-01 -8.855590820312500000e-01 1.166959908099260819e-04
5.469404059873880064e+18 4.310643196046937686e-01 -2.021993892485688671e-01 -8.793741861979166297e-01 9.228517519831930043e-05
5.469404059873880064e+18 4.223645052550321632e-01 -1.933735683402510175e-01 -8.855590820312500000e-01 1.744215309404615612e-04
5.469404059873880064e+18 4.135767336262697880e-01 -1.844917832780534617e-01 -8.915812174479166297e-01 8.146778221253234728e-05
5.469404059873880064e+18 3.930523589785475114e-01 -1.575140665083687719e-01 -9.059244791666666297e-01 1.747431763074886997e-04
5.997082297548711936e+18 4.135767336262697880e-01 -1.844917832780534617e-01 -8.915812174479166297e-01 7.658684260992858260e-05
5.997082297548711936e+18 3.930523589785475114e-01 -1.575140665083687719e-01 -9.059244791666666297e-01 9.074599321610968467e-05
6.279716078773929984e+18 3.930523589785475114e-01 -1.575140665083687719e-01 -9.059244791666666297e-01 7.000394237140599427e-05
6.575669979738426368e+18 3.710798941934154160e-01 -1.483978919918539363e-01 -9.166666666666666297e-01 1.716740603322435650e-05
6.885571758345436160e+18 3.524403595756209207e-01 -1.300221131670373509e-01 -9.267578125000000000e-01 3.882627856512654298e-05
6.885571758345436160e+18 3.107913814944863184e-01 -1.020212056104347620e-01 -9.449869791666666297e-01 1.418283484441679670e-05
7.210078757816528896e+18 3.107913814944863184e-01 -1.020212056104347620e-01 -9.449869791666666297e-01 9.542648360618077402e-06
7.549879301005047808e+18 3.524403595756209207e-01 -1.300221131670373509e-01 -9.267578125000000000e-01 7.292994268567154048e-06
7.549879301005047808e+18 2.894528033953094881e-01 -6.388827410059816359e-02 -9.550577799479166297e-01 5.064334545087367428e-06
8.278278037064769536e+18 2.325191897192927515e-01 -8.286671650218928320e-02 -9.690551757812500000e-01 2.544806323422923905e-06
8.278278037064769536e+18 2.222951466436491053e-01 -9.207766458951539834e-02 -9.706217447916666297e-01 1.993733452422443999e-06
8.668421261313272832e+18 2.385897977103583478e-01 -1.015151777131549915e-01 -9.657999674479166297e-01 2.644769070951053992e-06
8.668421261313272832e+18 2.325191897192927515e-01 -8.286671650218928320e-02 -9.690551757812500000e-01 2.474345098586194740e-06
8.668421261313272832e+18 2.222951466436491053e-01 -9.207766458951539834e-02 -9.706217447916666297e-01 1.554443228480134483e-06
8.668421261313272832e+18 2.155649627232328336e-01 -9.198230582359374907e-02 -9.721476236979166297e-01 1.106383194269423317e-06
9.076951369252506624e+18 2.945182624212381861e-01 -9.257299918503300584e-02 -9.511515299479166297e-01 9.504878631135315980e-07
9.076951369252506624e+18 2.935089756971233643e-01 -7.352017111123626547e-02 -9.531250000000000000e-01 9.504878631135315980e-07
9.076951369252506624e+18 2.781121514462000510e-01 -8.306971724809336655e-02 -9.569498697916666297e-01 9.504878631135315980e-07
9.076951369252506624e+18 2.385897977103583478e-01 -1.015151777131549915e-01 -9.657999674479166297e-01 9.263575626644683778e-07
9.076951369252506624e+18 2.222951466436491053e-01 -9.207766458951539834e-02 -9.706217447916666297e-01 9.199857320507550586e-07
9.504734908014069760e+18 2.913998330449847352e-01 -1.019652116120613738e-01 -9.511515299479166297e-01 4.042164018691700177e-07
9.504734908014069760e+18 2.783546837894284587e-01 -1.018985131071309669e-01 -9.550577799479166297e-01 5.556172483431649343e-07
9.504734908014069760e+18 2.585970860711160890e-01 -1.017456267218763977e-01 -9.606119791666666297e-01 5.556172483431649343e-07
1.042173458675840819e+19 2.192745711386420437e-01 -8.275059027256846667e-02 -9.721476236979166297e-01 1.106271844584635122e-07
1.042173458675840819e+19 2.088016812188371041e-01 -9.187493860420790914e-02 -9.736328125000000000e-01 1.106271844584635122e-07
1.142720474037187994e+19 2.126104768211245777e-01 -8.267969260485844019e-02 -9.736328125000000000e-01 3.414997812381006243e-08
1.142720474037187994e+19 2.160145562967935307e-01 -7.332706111142908711e-02 -9.736328125000000000e-01 3.414997812381006243e-08
1.142720474037187994e+19 2.190074397870867551e-01 -6.383484738953641713e-02 -9.736328125000000000e-01 3.414997812381006243e-08
1.142720474037187994e+19 2.094150132157955035e-01 -7.327748239991219159e-02 -9.750773111979166297e-01 3.414997812381006243e-08
1.196575230806595174e+19 2.155649627232328336e-01 -9.198230582359374907e-02 -9.721476236979166297e-01 3.112532496016726003e-08
1.438599843342897562e+19 1.760811404710072026e-01 -5.406524774523129018e-02 -9.828898111979166297e-01 8.880516646487587658e-10
1.651733620018991309e+19 1.394631345345722362e-01 -4.426360924081868681e-02 -9.892374674479166297e-01 4.600793733242604830e-11
1.651733620018991309e+19 1.248713936936603486e-01 -2.483846453760333792e-02 -9.918619791666666297e-01 4.600793733242604830e-11
2.741195490357957018e+19 1.008258641416094614e-01 -1.495610412685295654e-02 -9.947916666666666297e-01 8.748949696950073878e-17
2.741195490357957018e+19 9.439695964832192643e-02 -1.495100962223733058e-02 -9.954223632812500000e-01 8.748949696950073878e-17
1.373852184644056515e+20 -4.977425539690182900e-03 2.502320798480027822e-02 -9.996744791666666297e-01 2.419597787247461327e-78
3.748624716069794304e+18 6.672074730417558719e-01 -1.434076312029551881e-01 -7.309366861979167407e-01 6.936720382767515552e-04
