9.549925860214368256e+18 5.667471883984220860e-01 -7.943211327558165058e-01 2.187500000000000000e-01 3.725810220257749677e-07
1.513561248436207206e+19 5.611819262932583596e-01 -7.968171123490908059e-01 2.239583333333333148e-01 4.249687437610088893e-10
1.995262314968882790e+19 5.582896308238931571e-01 -7.927103683219217656e-01 2.447916666666666574e-01 5.532082154565916035e-13
2.089296130854040781e+19 5.653568717249630726e-01 -7.923725427362134921e-01 2.291666666666666574e-01 2.329367614198554131e-13
4.168693834703363277e+19 5.653568717249630726e-01 -7.923725427362134921e-01 2.291666666666666574e-01 3.072422314964198976e-25
4.168693834703363277e+19 5.667471883984220860e-01 -7.943211327558165058e-01 2.187500000000000000e-01 1.947577895548728169e-25
4.365158322401665024e+19 5.569569711856958705e-01 -8.012161816561469418e-01 2.187500000000000000e-01 5.496587849266114990e-26
6.309573444801943962e+19 5.555906713975542477e-01 -7.992506770375010783e-01 2.291666666666666574e-01 9.051970192773491546e-37
9.120108393559115366e+19 5.555906713975542477e-01 -7.992506770375010783e-01 2.291666666666666574e-01 2.552595540762283587e-53
9.120108393559115366e+19 5.611819262932583596e-01 -7.968171123490908059e-01 2.239583333333333148e-01 2.069546045857946504e-52
9.549925860214369485e+19 5.541572154520436611e-01 -7.971885642376752568e-01 2.395833333333333148e-01 8.845695303611772814e-54
9.549925860214369485e+19 5.555906713975542477e-01 -7.992506770375010783e-01 2.291666666666666574e-01 6.307150412394096739e-55
1.000000000000000164e+20 5.541572154520436611e-01 -7.971885642376752568e-01 2.395833333333333148e-01 7.514992407821555558e-56
1.000000000000000164e+20 5.611819262932583596e-01 -7.968171123490908059e-01 2.239583333333333148e-01 2.873151418892675568e-57
1.202264434617418056e+20 5.611819262932583596e-01 -7.968171123490908059e-01 2.239583333333333148e-01 3.735697667461328575e-68
1.258925411794171331e+20 5.694811988162228333e-01 -7.878829377324004790e-01 2.343750000000000000e-01 1.440649033526192671e-70
8.317637711026742272e+18 4.659885892830408771e-01 -8.718033319439408846e-01 1.510416666666666574e-01 5.793405919937844170e-04
8.317637711026742272e+18 4.609948214553249435e-01 -8.753378853221548406e-01 1.458333333333333148e-01 1.034255023673455818e-05
8.317637711026742272e+18 3.584815393862098576e-01 -9.293284452674319684e-01 8.854166666666665741e-02 6.088392566591727725e-04
8.317637711026742272e+18 3.656129978047739648e-01 -9.307669610789837122e-01 0.000000000000000000e+00 6.088392566591727725e-04
8.317637711026742272e+18 5.595654625854945552e-01 -8.264261873158917915e-01 -6.250000000000000000e-02 5.364816580893481002e-04
8.709635899560833024e+18 4.181504918586380626e-01 -8.702490022290179095e-01 2.604166666666666297e-01 1.151729003728862944e-06
8.709635899560833024e+18 4.692638288159013404e-01 -8.651201951293220338e-01 1.770833333333333148e-01 1.151729003728862944e-06
8.709635899560833024e+18 5.401421657568773460e-01 -8.415093189187067280e-01 -1.041666666666666609e-02 1.151729003728862944e-06
8.709635899560833024e+18 5.595654625854945552e-01 -8.264261873158917915e-01 -6.250000000000000000e-02 1.075585932815100360e-06
9.120108393559115776e+18 4.609948214553249435e-01 -8.753378853221548406e-01 1.458333333333333148e-01 6.256655891775167218e-07
9.120108393559115776e+18 3.584815393862098576e-01 -9.293284452674319684e-01 8.854166666666665741e-02 3.375142242832493292e-04
9.120108393559115776e+18 3.656129978047739648e-01 -9.307669610789837122e-01 0.000000000000000000e+00 3.375142242832493292e-04
9.549925860214368256e+18 3.918221886746640070e-01 -8.839366940338081458e-01 2.552083333333333148e-01 2.235486132154649700e-06
9.549925860214368256e+18 4.903536077325701403e-01 -8.533433262405046849e-01 1.770833333333333148e-01 1.699696726829777816e-06
9.549925860214368256e+18 4.090337232918908605e-01 -9.076906690662699395e-01 9.375000000000000000e-02 1.777575255108916849e-06
9.549925860214368256e+18 3.129618902559435090e-01 -9.473491631096999654e-01 6.770833333333332871e-02 1.334085369433989864e-06
9.549925860214368256e+18 4.544659213416431531e-01 -8.892401546983695892e-01 -5.208333333333332871e-02 2.235411145930934844e-06
9.549925860214368256e+18 4.680022331863079033e-01 -8.755705947151555257e-01 -1.197916666666666574e-01 1.699696726829777816e-06
1.000000000000000000e+19 3.918221886746640070e-01 -8.839366940338081458e-01 2.552083333333333148e-01 2.001358690804373838e-04
1.000000000000000000e+19 4.090337232918908605e-01 -9.076906690662699395e-01 9.375000000000000000e-02 1.811037612522626491e-07
1.000000000000000000e+19 4.544659213416431531e-01 -8.892401546983695892e-01 -5.208333333333332871e-02 2.477704846905486282e-06
1.047128548050898534e+19 4.188418172981848153e-01 -8.581589400905603737e-01 2.968750000000000000e-01 5.433112837567879473e-07
1.047128548050898534e+19 4.245267248728261111e-01 -8.835191299141786914e-01 1.979166666666666574e-01 5.822601180218201827e-07
1.047128548050898534e+19 4.312670044846137474e-01 -8.836167263620335888e-01 1.822916666666666574e-01 5.433112837567879473e-07
1.047128548050898534e+19 4.425773672132141678e-01 -8.928498359669307938e-01 8.333333333333332871e-02 5.433112837567879473e-07
1.096478196143182848e+19 4.529200563998806994e-01 -8.349893247884843106e-01 3.125000000000000000e-01 8.686082582828362421e-05
1.096478196143182848e+19 4.188418172981848153e-01 -8.581589400905603737e-01 2.968750000000000000e-01 2.385031449028052439e-07
1.096478196143182848e+19 4.037599826403935332e-01 -8.815071845134245798e-01 2.447916666666666574e-01 1.591700109180298444e-07
1.096478196143182848e+19 3.988776939333234517e-01 -8.851533266453461835e-01 2.395833333333333148e-01 1.591700109180298444e-07
1.096478196143182848e+19 4.312670044846137474e-01 -8.836167263620335888e-01 1.822916666666666574e-01 2.385031449028052439e-07
1.096478196143182848e+19 4.364633248682128208e-01 -8.942633920209827059e-01 9.895833333333332871e-02 3.428814258901013878e-07
1.096478196143182848e+19 4.425773672132141678e-01 -8.928498359669307938e-01 8.333333333333332871e-02 2.385031449028052439e-07
1.096478196143182848e+19 3.076992861180162242e-01 -9.509703396123684316e-01 3.125000000000000000e-02 1.591700109180298444e-07
1.202264434617417933e+19 4.037599826403935332e-01 -8.815071845134245798e-01 2.447916666666666574e-01 1.173339334453171484e-07
1.202264434617417933e+19 3.988776939333234517e-01 -8.851533266453461835e-01 2.395833333333333148e-01 1.173339334453171484e-07
1.202264434617417933e+19 3.076992861180162242e-01 -9.509703396123684316e-01 3.125000000000000000e-02 1.173339334453171484e-07
1.202264434617417933e+19 2.960866124125366428e-01 -9.549338669103166755e-01 -2.083333333333333218e-02 5.441489563276896612e-08
1.202264434617417933e+19 2.515217023461066570e-01 -9.542892851992726966e-01 -1.614583333333333148e-01 5.441489563276896612e-08
1.258925411794171290e+19 4.037599826403935332e-01 -8.815071845134245798e-01 2.447916666666666574e-01 2.597019319705918994e-08
1.258925411794171290e+19 3.988776939333234517e-01 -8.851533266453461835e-01 2.395833333333333148e-01 2.597019319705918994e-08
1.258925411794171290e+19 3.076992861180162242e-01 -9.509703396123684316e-01 3.125000000000000000e-02 2.597019319705918994e-08
1.318256738556410266e+19 4.634488445035670479e-01 -8.420309773352744331e-01 2.760416666666666297e-01 1.870422819570733617e-08
1.318256738556410266e+19 4.883721505448236355e-01 -8.498950733048049599e-01 1.979166666666666574e-01 2.776273728348001781e-08
1.318256738556410266e+19 4.807309409501903663e-01 -8.608832584243736319e-01 1.666666666666666574e-01 1.502148673330431700e-08
1.318256738556410266e+19 4.582781925382315991e-01 -8.832827104091760528e-01 9.895833333333332871e-02 1.870422819570733617e-08
1.318256738556410266e+19 4.208769216242262967e-01 -9.041823801459178966e-01 -7.291666666666665741e-02 6.934721242620047811e-09
1.380384264602886554e+19 4.634488445035670479e-01 -8.420309773352744331e-01 2.760416666666666297e-01 6.814414572554561344e-09
1.380384264602886554e+19 4.609948214553249435e-01 -8.753378853221548406e-01 1.458333333333333148e-01 1.324184842430839310e-09
1.380384264602886554e+19 4.582781925382315991e-01 -8.832827104091760528e-01 9.895833333333332871e-02 6.814414572554561344e-09
1.380384264602886554e+19 5.538721722197181840e-01 -8.289282847240833085e-01 -7.812500000000000000e-02 1.471902103142242017e-05
1.445439770745927885e+19 4.609948214553249435e-01 -8.753378853221548406e-01 1.458333333333333148e-01 4.898835515997517768e-09
1.445439770745927885e+19 5.249234655038835795e-01 -8.403080874014495771e-01 1.354166666666666574e-01 3.152089857516334186e-09
1.513561248436207206e+19 4.883721505448236355e-01 -8.498950733048049599e-01 1.979166666666666574e-01 2.831352357778251932e-09
1.513561248436207206e+19 4.807309409501903663e-01 -8.608832584243736319e-01 1.666666666666666574e-01 1.370029643829164766e-09
1.513561248436207206e+19 4.880002293901014587e-01 -8.614408775361244164e-01 1.406250000000000000e-01 5.598896711657310605e-06
1.584893192461110886e+19 4.883721505448236355e-01 -8.498950733048049599e-01 1.979166666666666574e-01 4.432483963233937301e-10
1.584893192461110886e+19 4.807309409501903663e-01 -8.608832584243736319e-01 1.666666666666666574e-01 9.195704434080058171e-11
1.584893192461110886e+19 3.302249129709630138e-01 -9.410816471356469037e-01 7.291666666666665741e-02 6.730959110393398883e-10
1.737800828749369139e+19 5.214079955189130366e-01 -8.233932032385893329e-01 2.239583333333333148e-01 2.614864385628966705e-11
1.737800828749369139e+19 5.007885203065625124e-01 -8.472616779866295467e-01 1.770833333333333148e-01 7.169773277721628431e-11
1.737800828749369139e+19 5.397023701900572901e-01 -8.408241436234591415e-01 -4.166666666666666435e-02 9.262044844846686388e-11
1.819700858609990246e+19 5.214079955189130366e-01 -8.233932032385893329e-01 2.239583333333333148e-01 2.649600653119918223e-11
1.995262314968882790e+19 5.244394127721779819e-01 -8.170453651542625151e-01 2.395833333333333148e-01 7.707093542101044788e-12
1.995262314968882790e+19 4.745750846867165529e-01 -8.498594753743025088e-01 2.291666666666666574e-01 5.527570403603554048e-12
1.995262314968882790e+19 5.214079955189130366e-01 -8.233932032385893329e-01 2.239583333333333148e-01 3.591075140176052573e-12
1.995262314968882790e+19 5.007885203065625124e-01 -8.472616779866295467e-01 1.770833333333333148e-01 1.734413391011995436e-12
1.995262314968882790e+19 4.012144035224797234e-01 -9.051251912200326544e-01 1.406250000000000000e-01 7.707093542101044788e-12
1.995262314968882790e+19 3.939439423937673435e-01 -9.190016483261911340e-01 1.562500000000000000e-02 3.978528408297578675e-12
2.089296130854040781e+19 4.970787910113194652e-01 -8.293258600356961940e-01 2.552083333333333148e-01 6.351684677470162778e-13
2.089296130854040781e+19 4.882185813711203415e-01 -8.376870876016452305e-01 2.447916666666666574e-01 6.351684677470162778e-13
2.089296130854040781e+19 5.054886960507622984e-01 -8.433569389225352708e-01 1.822916666666666574e-01 6.351684677470162778e-13
2.089296130854040781e+19 4.487184682364356858e-01 -8.779942815791963451e-01 1.666666666666666574e-01 2.395870009217111167e-12
2.290867652767770214e+19 4.970787910113194652e-01 -8.293258600356961940e-01 2.552083333333333148e-01 4.033356073472359916e-08
2.290867652767770214e+19 4.882185813711203415e-01 -8.376870876016452305e-01 2.447916666666666574e-01 4.033356073472359916e-08
2.290867652767770214e+19 5.054886960507622984e-01 -8.433569389225352708e-01 1.822916666666666574e-01 4.033356073472359916e-08
2.290867652767770214e+19 5.554971763861334955e-01 -8.204177066689394282e-01 1.354166666666666574e-01 8.902364145152184647e-14
2.398832919019484774e+19 4.970787910113194652e-01 -8.293258600356961940e-01 2.552083333333333148e-01 2.223655679649454773e-08
2.398832919019484774e+19 4.882185813711203415e-01 -8.376870876016452305e-01 2.447916666666666574e-01 2.223655679649454773e-08
2.398832919019484774e+19 4.941001015004816144e-01 -8.477786196650058947e-01 1.927083333333333148e-01 1.032048122341834157e-14
2.398832919019484774e+19 5.054886960507622984e-01 -8.433569389225352708e-01 1.822916666666666574e-01 2.223655679649454773e-08
2.511886431509571994e+19 4.970787910113194652e-01 -8.293258600356961940e-01 2.552083333333333148e-01 4.136562687644832711e-15
2.511886431509571994e+19 4.882185813711203415e-01 -8.376870876016452305e-01 2.447916666666666574e-01 4.136562687644832711e-15
2.511886431509571994e+19 5.054886960507622984e-01 -8.433569389225352708e-01 1.822916666666666574e-01 4.136562687644832711e-15
2.630267991895370547e+19 5.143735199692558435e-01 -8.234195214733048829e-01 2.395833333333333148e-01 1.220096699620624611e-15
2.754228703338174464e+19 5.028642751660974408e-01 -8.274222143269273078e-01 2.500000000000000000e-01 4.639724832085567094e-16
2.754228703338174464e+19 5.143735199692558435e-01 -8.234195214733048829e-01 2.395833333333333148e-01 1.061681839738963157e-16
2.884031503126611558e+19 5.028642751660974408e-01 -8.274222143269273078e-01 2.500000000000000000e-01 1.073055030657935322e-16
2.884031503126611558e+19 5.143735199692558435e-01 -8.234195214733048829e-01 2.395833333333333148e-01 2.048963053977385272e-17
3.019951720402019123e+19 5.010438764141228463e-01 -8.359412053718040525e-01 2.239583333333333148e-01 2.911198589996128176e-18
3.019951720402019123e+19 4.987648969509788088e-01 -8.438380002257750423e-01 1.979166666666666574e-01 2.911198589996128176e-18
3.162277660168379187e+19 5.143735199692558435e-01 -8.234195214733048829e-01 2.395833333333333148e-01 1.292991616803686682e-18
3.467368504525309133e+19 5.301356503751351035e-01 -8.148770162278061724e-01 2.343750000000000000e-01 9.727400901116519616e-21
3.467368504525309133e+19 4.849684331451890595e-01 -8.439717161976396653e-01 2.291666666666666574e-01 1.258198254521419419e-20
3.467368504525309133e+19 5.439881573793052816e-01 -8.141358111556500354e-01 2.031250000000000000e-01 1.563733442917858497e-20
3.467368504525309133e+19 5.204073469877189551e-01 -8.330785936520058721e-01 1.875000000000000000e-01 9.492918810819169773e-21
3.467368504525309133e+19 5.214305346252672280e-01 -8.347165330913025594e-01 1.770833333333333148e-01 1.852333797489141658e-21
3.630780547701002650e+19 5.301356503751351035e-01 -8.148770162278061724e-01 2.343750000000000000e-01 2.344806751813977903e-21
3.630780547701002650e+19 5.214305346252672280e-01 -8.347165330913025594e-01 1.770833333333333148e-01 1.852333797489141658e-21
3.630780547701002650e+19 5.546676400276069341e-01 -8.191925585569573842e-01 1.458333333333333148e-01 2.003804372628224432e-21
3.801893963205627904e+19 5.214305346252672280e-01 -8.347165330913025594e-01 1.770833333333333148e-01 3.101542774454938294e-22
3.801893963205627904e+19 5.417584586874566455e-01 -8.216685861685032455e-01 1.770833333333333148e-01 3.069287874304163564e-22
3.801893963205627904e+19 5.546676400276069341e-01 -8.191925585569573842e-01 1.458333333333333148e-01 1.143089442899111865e-22
3.981071705534985830e+19 5.214305346252672280e-01 -8.347165330913025594e-01 1.770833333333333148e-01 9.522833917251389878e-23
5.011872336272715776e+19 5.042301644062402444e-01 -8.296696738411889482e-01 2.395833333333333148e-01 1.668163838374078138e-29
5.248074602497712128e+19 5.358087443624962587e-01 -8.126448353084969600e-01 2.291666666666666574e-01 1.392590640440589857e-16
6.025595860743593165e+19 5.358087443624962587e-01 -8.126448353084969600e-01 2.291666666666666574e-01 6.763907609296853577e-36
6.025595860743593165e+19 5.371263967486773483e-01 -8.146432786292306938e-01 2.187500000000000000e-01 7.546212349767252860e-35
6.309573444801943962e+19 5.358087443624962587e-01 -8.126448353084969600e-01 2.291666666666666574e-01 2.191030356854530780e-19
6.309573444801943962e+19 5.371263967486773483e-01 -8.146432786292306938e-01 2.187500000000000000e-01 2.715591057832047297e-36
6.309573444801943962e+19 5.526826165841803862e-01 -8.055692905783375934e-01 2.135416666666666574e-01 9.427114105485849864e-37
6.918309709189361664e+19 5.551277800551862596e-01 -8.091332684267095177e-01 1.927083333333333148e-01 1.966686026494121792e-39
7.244359600749890765e+19 5.414580379439046798e-01 -8.103492198283976933e-01 2.239583333333333148e-01 2.842021080067809048e-48
7.244359600749890765e+19 5.470828783017586128e-01 -8.079905703466242484e-01 2.187500000000000000e-01 2.842021080067809048e-48
7.585775750291819725e+19 5.358087443624962587e-01 -8.126448353084969600e-01 2.291666666666666574e-01 9.176137208227847331e-44
7.943282347242789274e+19 5.358087443624962587e-01 -8.126448353084969600e-01 2.291666666666666574e-01 5.694127458247079973e-45
7.943282347242789274e+19 5.414580379439046798e-01 -8.103492198283976933e-01 2.239583333333333148e-01 4.804590416843849089e-56
7.943282347242789274e+19 5.470828783017586128e-01 -8.079905703466242484e-01 2.187500000000000000e-01 4.804590416843849089e-56
8.317637711026674074e+19 5.414580379439046798e-01 -8.103492198283976933e-01 2.239583333333333148e-01 4.068998968018388696e-57
9.120108393559115366e+19 5.414580379439046798e-01 -8.103492198283976933e-01 2.239583333333333148e-01 3.857757266616543053e-51
9.549925860214369485e+19 5.400955266384502851e-01 -8.083100775569577179e-01 2.343750000000000000e-01 2.203637236901640317e-63
1.000000000000000164e+20 5.457408011586566410e-01 -8.060084471267013884e-01 2.291666666666666574e-01 1.440649033526192510e-70
1.000000000000000164e+20 5.414580379439046798e-01 -8.103492198283976933e-01 2.239583333333333148e-01 4.068998968018388696e-57
1.000000000000000164e+20 5.526826165841803862e-01 -8.055692905783375934e-01 2.135416666666666574e-01 1.490392768287026626e-55
1.047128548050898289e+20 5.414580379439046798e-01 -8.103492198283976933e-01 2.239583333333333148e-01 8.388570246883594888e-60
1.047128548050898289e+20 5.470828783017586128e-01 -8.079905703466242484e-01 2.187500000000000000e-01 1.836083761061771414e-74
1.096478196143182807e+20 5.457408011586566410e-01 -8.060084471267013884e-01 2.291666666666666574e-01 5.943241969133458482e-63
1.096478196143182807e+20 5.414580379439046798e-01 -8.103492198283976933e-01 2.239583333333333148e-01 3.302138369609508674e-32
1.096478196143182807e+20 5.470828783017586128e-01 -8.079905703466242484e-01 2.187500000000000000e-01 6.646980282147053486e-61
1.258925411794171331e+20 5.499740665020812491e-01 -8.016214103616271514e-01 2.343750000000000000e-01 2.881298067052385021e-70
1.318256738556410102e+20 5.457408011586566410e-01 -8.060084471267013884e-01 2.291666666666666574e-01 1.993930117571809620e-73
1.318256738556410102e+20 5.513614986253941863e-01 -8.036436789797546387e-01 2.239583333333333148e-01 3.672167522123542828e-74
1.513561248436207288e+20 5.541572154520436611e-01 -7.971885642376752568e-01 2.395833333333333148e-01 3.109351186770280410e-43
1.513561248436207288e+20 5.499740665020812491e-01 -8.016214103616271514e-01 2.343750000000000000e-01 3.109351186770280410e-43
1.513561248436207288e+20 5.555906713975542477e-01 -7.992506770375010783e-01 2.291666666666666574e-01 3.109351186770280410e-43
2.511886431509571830e+20 5.541572154520436611e-01 -7.971885642376752568e-01 2.395833333333333148e-01 1.209541927150205906e-69
2.511886431509571830e+20 5.499740665020812491e-01 -8.016214103616271514e-01 2.343750000000000000e-01 1.209541927150205906e-69
1.733684252262654566e+19 5.417584586874566455e-01 -8.216685861685032455e-01 1.770833333333333148e-01 1.307432192814483353e-11
2.624037301248856064e+19 5.526826165841803862e-01 -8.055692905783375934e-01 2.135416666666666574e-01 1.176616577407353219e-16
3.622179800374945382e+19 5.551277800551862596e-01 -8.091332684267095177e-01 1.927083333333333148e-01 1.852333797489141658e-21
9.527303589816261018e+19 5.457408011586566410e-01 -8.060084471267013884e-01 2.291666666666666574e-01 2.750157658778215108e-54
9.976311574844414362e+19 5.555906713975542477e-01 -7.992506770375010783e-01 2.291666666666666574e-01 7.451963841435133132e-56
9.976311574844414362e+19 5.513614986253941863e-01 -8.036436789797546387e-01 2.239583333333333148e-01 7.451963841435133132e-56
6.650874383229608960e+18 5.595654625854945552e-01 -8.264261873158917915e-01 -6.250000000000000000e-02 2.258943472269309195e-05
6.964320436180135936e+18 4.245267248728261111e-01 -8.835191299141786914e-01 1.979166666666666574e-01 1.339410431260032675e-05
7.292538746498506752e+18 4.037599826403935332e-01 -8.815071845134245798e-01 2.447916666666666574e-01 8.362486511396333350e-06
7.292538746498506752e+18 3.988776939333234517e-01 -8.851533266453461835e-01 2.395833333333333148e-01 8.362486511396333350e-06
7.292538746498506752e+18 3.076992861180162242e-01 -9.509703396123684316e-01 3.125000000000000000e-02 8.362486511396333350e-06
7.996109730064949248e+18 4.188418172981848153e-01 -8.581589400905603737e-01 2.968750000000000000e-01 2.831365856330435524e-06
7.996109730064949248e+18 4.312670044846137474e-01 -8.836167263620335888e-01 1.822916666666666574e-01 2.831365856330435524e-06
7.996109730064949248e+18 4.425773672132141678e-01 -8.928498359669307938e-01 8.333333333333332871e-02 2.831365856330435524e-06
8.767559972984568832e+18 5.538721722197181840e-01 -8.289282847240833085e-01 -7.812500000000000000e-02 1.151729003728862944e-06
9.180762344460581888e+18 4.883721505448236355e-01 -8.498950733048049599e-01 1.979166666666666574e-01 6.256655891775167218e-07
9.613438343755372544e+18 3.302249129709630138e-01 -9.410816471356469037e-01 7.291666666666665741e-02 3.725810220257749147e-07
9.613438343755372544e+18 4.208769216242262967e-01 -9.041823801459178966e-01 -7.291666666666665741e-02 5.272440104684699839e-07
1.054092553389459661e+19 4.807309409501903663e-01 -8.608832584243736319e-01 1.666666666666666574e-01 9.304347522305273026e-08
1.210260182567000883e+19 4.329998212787722345e-01 -9.011532205983471266e-01 -2.083333333333333218e-02 1.861823298427920731e-08
1.389564611567787827e+19 4.815289813981596390e-01 -8.500175272727457099e-01 2.135416666666666574e-01 1.324184842430839310e-09
1.523627298716250726e+19 5.554971763861334955e-01 -8.204177066689394282e-01 1.354166666666666574e-01 2.153943795448023931e-10
1.595433641075460301e+19 4.970787910113194652e-01 -8.293258600356961940e-01 2.552083333333333148e-01 9.424359168679468642e-11
1.595433641075460301e+19 4.882185813711203415e-01 -8.376870876016452305e-01 2.447916666666666574e-01 9.424359168679468642e-11
1.595433641075460301e+19 5.054886960507622984e-01 -8.433569389225352708e-01 1.822916666666666574e-01 9.424359168679468642e-11
1.595433641075460301e+19 5.554971763861334955e-01 -8.204177066689394282e-01 1.354166666666666574e-01 9.195704434080058171e-11
2.772545903675557888e+19 5.042301644062402444e-01 -8.296696738411889482e-01 2.395833333333333148e-01 7.600922914015836886e-17
6.964320436180135936e+19 5.470828783017586128e-01 -8.079905703466242484e-01 2.187500000000000000e-01 8.960684297525366610e-41
7.292538746498505114e+19 5.457408011586566410e-01 -8.060084471267013884e-01 2.291666666666666574e-01 2.352196960599569235e-42
7.996109730064949248e+19 5.400955266384502851e-01 -8.083100775569577179e-01 2.343750000000000000e-01 5.694127449326234486e-45
8.372954771698573312e+19 5.358087443624962587e-01 -8.126448353084969600e-01 2.291666666666666574e-01 1.867277209255773868e-47
8.767559972984569856e+19 5.541572154520436611e-01 -7.971885642376752568e-01 2.395833333333333148e-01 3.536025019108423666e-51
8.767559972984569856e+19 5.499740665020812491e-01 -8.016214103616271514e-01 2.343750000000000000e-01 3.536025019108423666e-51
8.767559972984569856e+19 5.555906713975542477e-01 -7.992506770375010783e-01 2.291666666666666574e-01 3.536025019108423666e-51
1.103770404941969326e+20 5.541572154520436611e-01 -7.971885642376752568e-01 2.395833333333333148e-01 2.203637236901640317e-63
1.985820586810697216e+18 4.498985956805042208e-01 -8.542683497162542050e-01 2.604166666666666297e-01 8.383890682285911541e-03
2.079409427756685568e+18 8.506689034931090576e-02 -9.878306606381752619e-01 1.302083333333333148e-01 1.574374105368761545e-02
2.079409427756685568e+18 4.090337232918908605e-01 -9.076906690662699395e-01 -9.375000000000000000e-02 1.574374105368761545e-02
2.177408974890208256e+18 1.655312175498686866e-01 -9.204158778718891654e-01 3.541666666666666297e-01 6.822721291819195018e-03
2.280027098389778944e+18 1.655312175498686866e-01 -9.204158778718891654e-01 3.541666666666666297e-01 5.905196806803592394e-03
2.280027098389778944e+18 8.506689034931090576e-02 -9.878306606381752619e-01 1.302083333333333148e-01 5.786331553054716199e-03
2.280027098389778944e+18 4.090337232918908605e-01 -9.076906690662699395e-01 -9.375000000000000000e-02 5.786331553054716199e-03
2.387481465053592064e+18 1.655312175498686866e-01 -9.204158778718891654e-01 3.541666666666666297e-01 5.457803183756384027e-03
2.387481465053592064e+18 2.896527107623088626e-01 -9.341833489044152339e-01 -2.083333333333333148e-01 1.031060835183541559e-02
2.617821370127246336e+18 1.864242169323851450e-01 -9.682294322955532495e-01 1.666666666666666574e-01 7.476768811618149380e-03
2.741195490357957120e+18 -1.827953573468019845e-16 -9.950915778278343060e-01 9.895833333333332871e-02 3.003380364630640724e-03
2.741195490357957120e+18 4.335841686334089840e-01 -8.883643304641577476e-01 -1.510416666666666574e-01 3.003380364630640724e-03
3.005661086543544832e+18 1.864242169323851450e-01 -9.682294322955532495e-01 1.666666666666666574e-01 4.810753755570971318e-03
3.005661086543544832e+18 -1.832566243613808002e-02 -9.954270980821632309e-01 9.375000000000000000e-02 4.444688253009891274e-03
3.147313529485428224e+18 1.864242169323851450e-01 -9.682294322955532495e-01 1.666666666666666574e-01 1.717797821092080035e-03
3.295641846391025664e+18 5.111480159714424376e-01 -8.410524352405227555e-01 1.770833333333333148e-01 1.582552117389978037e-03
3.295641846391025664e+18 4.712368665306109761e-01 -8.816221680627327473e-01 2.604166666666666435e-02 1.582552117389978037e-03
3.450960661507216384e+18 9.150416832557185798e-02 -9.913818258769148128e-01 9.375000000000000000e-02 2.368992805046029292e-03
3.450960661507216384e+18 2.369721629973437493e-01 -9.712930382673308216e-01 2.083333333333333218e-02 2.558254277486837584e-03
3.450960661507216384e+18 4.549848169489185135e-01 -8.902554625320651116e-01 2.083333333333333218e-02 2.558254277486837584e-03
3.613599426864819712e+18 9.150416832557185798e-02 -9.913818258769148128e-01 9.375000000000000000e-02 1.045619078548593430e-03
3.613599426864819712e+18 2.369721629973437493e-01 -9.712930382673308216e-01 2.083333333333333218e-02 1.879187907195661086e-03
3.613599426864819712e+18 4.549848169489185135e-01 -8.902554625320651116e-01 2.083333333333333218e-02 1.879187907195661086e-03
3.783903121090518016e+18 5.111480159714424376e-01 -8.410524352405227555e-01 1.770833333333333148e-01 8.615939932654810562e-04
3.783903121090518016e+18 4.712368665306109761e-01 -8.816221680627327473e-01 2.604166666666666435e-02 8.615939932654810562e-04
3.962232981152777216e+18 5.111480159714424376e-01 -8.410524352405227555e-01 1.770833333333333148e-01 7.033545788027439081e-04
3.962232981152777216e+18 4.712368665306109761e-01 -8.816221680627327473e-01 2.604166666666666435e-02 7.033545788027439081e-04
3.962232981152777216e+18 2.369721629973437493e-01 -9.712930382673308216e-01 2.083333333333333218e-02 6.063920867540064080e-04
3.962232981152777216e+18 4.549848169489185135e-01 -8.902554625320651116e-01 2.083333333333333218e-02 6.063920867540064080e-04
4.148967268593890816e+18 3.918221886746640070e-01 -8.839366940338081458e-01 2.552083333333333148e-01 4.762314919949307184e-04
4.148967268593890816e+18 4.544659213416431531e-01 -8.892401546983695892e-01 -5.208333333333332871e-02 1.005596968939700703e-03
4.344502071873422848e+18 3.918221886746640070e-01 -8.839366940338081458e-01 2.552083333333333148e-01 3.508327568011234830e-04
4.344502071873422848e+18 4.903536077325701403e-01 -8.533433262405046849e-01 1.770833333333333148e-01 3.790433378921611056e-04
4.344502071873422848e+18 4.609948214553249435e-01 -8.753378853221548406e-01 1.458333333333333148e-01 3.776948899453508443e-04
4.344502071873422848e+18 5.595654625854945552e-01 -8.264261873158917915e-01 -6.250000000000000000e-02 3.691735489816596488e-04
4.344502071873422848e+18 4.680022331863079033e-01 -8.755705947151555257e-01 -1.197916666666666574e-01 3.790433378921611056e-04
4.549252146524975616e+18 3.918221886746640070e-01 -8.839366940338081458e-01 2.552083333333333148e-01 2.883686891681970662e-04
4.549252146524975616e+18 4.903536077325701403e-01 -8.533433262405046849e-01 1.770833333333333148e-01 2.898882549979134369e-04
4.549252146524975616e+18 4.544659213416431531e-01 -8.892401546983695892e-01 -5.208333333333332871e-02 2.809176685293578429e-04
4.549252146524975616e+18 4.680022331863079033e-01 -8.755705947151555257e-01 -1.197916666666666574e-01 2.898882549979134369e-04
4.763651794908130304e+18 3.222946394858305363e-01 -9.184817930953163012e-01 2.291666666666666574e-01 2.111694144854315289e-04
4.763651794908130304e+18 4.903536077325701403e-01 -8.533433262405046849e-01 1.770833333333333148e-01 2.228804829008803690e-04
4.763651794908130304e+18 4.609948214553249435e-01 -8.753378853221548406e-01 1.458333333333333148e-01 2.211940712045416899e-04
4.763651794908130304e+18 4.090337232918908605e-01 -9.076906690662699395e-01 9.375000000000000000e-02 2.378361836063020958e-04
4.763651794908130304e+18 4.544659213416431531e-01 -8.892401546983695892e-01 -5.208333333333332871e-02 2.081088727152371337e-04
4.763651794908130304e+18 5.595654625854945552e-01 -8.264261873158917915e-01 -6.250000000000000000e-02 2.093740942473214456e-04
4.763651794908130304e+18 4.680022331863079033e-01 -8.755705947151555257e-01 -1.197916666666666574e-01 2.228804829008803690e-04
4.988155787422206976e+18 4.903536077325701403e-01 -8.533433262405046849e-01 1.770833333333333148e-01 3.337759711714130052e-04
4.988155787422206976e+18 4.680022331863079033e-01 -8.755705947151555257e-01 -1.197916666666666574e-01 3.337759711714130052e-04
5.223240327135101952e+18 4.188418172981848153e-01 -8.581589400905603737e-01 2.968750000000000000e-01 1.065927341758530860e-04
5.223240327135101952e+18 4.037599826403935332e-01 -8.815071845134245798e-01 2.447916666666666574e-01 1.389921452129538849e-04
5.223240327135101952e+18 3.988776939333234517e-01 -8.851533266453461835e-01 2.395833333333333148e-01 1.389921452129538849e-04
5.223240327135101952e+18 4.312670044846137474e-01 -8.836167263620335888e-01 1.822916666666666574e-01 1.065927341758530860e-04
5.223240327135101952e+18 4.425773672132141678e-01 -8.928498359669307938e-01 8.333333333333332871e-02 1.065927341758530860e-04
5.223240327135101952e+18 3.076992861180162242e-01 -9.509703396123684316e-01 3.125000000000000000e-02 1.389921452129538849e-04
5.469404059873880064e+18 4.188418172981848153e-01 -8.581589400905603737e-01 2.968750000000000000e-01 1.734266548020974887e-04
5.469404059873880064e+18 4.037599826403935332e-01 -8.815071845134245798e-01 2.447916666666666574e-01 7.603493451388448660e-05
5.469404059873880064e+18 3.988776939333234517e-01 -8.851533266453461835e-01 2.395833333333333148e-01 7.603493451388448660e-05
5.469404059873880064e+18 4.312670044846137474e-01 -8.836167263620335888e-01 1.822916666666666574e-01 1.734266548020974887e-04
5.469404059873880064e+18 4.425773672132141678e-01 -8.928498359669307938e-01 8.333333333333332871e-02 1.734266548020974887e-04
5.469404059873880064e+18 3.076992861180162242e-01 -9.509703396123684316e-01 3.125000000000000000e-02 7.603493451388448660e-05
5.727169131919425536e+18 4.188418172981848153e-01 -8.581589400905603737e-01 2.968750000000000000e-01 5.389296356787454307e-05
5.727169131919425536e+18 4.037599826403935332e-01 -8.815071845134245798e-01 2.447916666666666574e-01 5.933995585587582345e-05
5.727169131919425536e+18 3.988776939333234517e-01 -8.851533266453461835e-01 2.395833333333333148e-01 5.933995585587582345e-05
5.727169131919425536e+18 4.245267248728261111e-01 -8.835191299141786914e-01 1.979166666666666574e-01 7.165957178144270853e-05
5.727169131919425536e+18 4.312670044846137474e-01 -8.836167263620335888e-01 1.822916666666666574e-01 5.389296356787454307e-05
5.727169131919425536e+18 4.425773672132141678e-01 -8.928498359669307938e-01 8.333333333333332871e-02 5.389296356787454307e-05
5.727169131919425536e+18 3.076992861180162242e-01 -9.509703396123684316e-01 3.125000000000000000e-02 5.933995585587582345e-05
5.997082297548711936e+18 4.037599826403935332e-01 -8.815071845134245798e-01 2.447916666666666574e-01 1.019685031884239219e-04
5.997082297548711936e+18 3.988776939333234517e-01 -8.851533266453461835e-01 2.395833333333333148e-01 1.019685031884239219e-04
5.997082297548711936e+18 3.076992861180162242e-01 -9.509703396123684316e-01 3.125000000000000000e-02 1.019685031884239219e-04
6.279716078773929984e+18 4.529200563998806994e-01 -8.349893247884843106e-01 3.125000000000000000e-01 3.284668656985114614e-05
6.279716078773929984e+18 4.188418172981848153e-01 -8.581589400905603737e-01 2.968750000000000000e-01 3.332188793475114531e-05
6.279716078773929984e+18 4.312670044846137474e-01 -8.836167263620335888e-01 1.822916666666666574e-01 3.332188793475114531e-05
6.279716078773929984e+18 4.425773672132141678e-01 -8.928498359669307938e-01 8.333333333333332871e-02 3.332188793475114531e-05
6.575669979738426368e+18 4.634488445035670479e-01 -8.420309773352744331e-01 2.760416666666666297e-01 2.393006149233109701e-05
6.575669979738426368e+18 4.883721505448236355e-01 -8.498950733048049599e-01 1.979166666666666574e-01 2.093568574754892331e-05
6.575669979738426368e+18 4.807309409501903663e-01 -8.608832584243736319e-01 1.666666666666666574e-01 4.668671464251863078e-05
6.575669979738426368e+18 4.609948214553249435e-01 -8.753378853221548406e-01 1.458333333333333148e-01 3.885706000037369903e-05
6.575669979738426368e+18 4.880002293901014587e-01 -8.614408775361244164e-01 1.406250000000000000e-01 1.950133446627677251e-05
6.575669979738426368e+18 4.582781925382315991e-01 -8.832827104091760528e-01 9.895833333333332871e-02 2.393006149233109701e-05
6.575669979738426368e+18 4.208769216242262967e-01 -9.041823801459178966e-01 -7.291666666666665741e-02 2.429948655433532018e-05
6.885571758345436160e+18 4.634488445035670479e-01 -8.420309773352744331e-01 2.760416666666666297e-01 1.185318476851869342e-05
6.885571758345436160e+18 4.883721505448236355e-01 -8.498950733048049599e-01 1.979166666666666574e-01 1.202379832523015975e-05
6.885571758345436160e+18 4.807309409501903663e-01 -8.608832584243736319e-01 1.666666666666666574e-01 1.240842462297552130e-05
6.885571758345436160e+18 4.582781925382315991e-01 -8.832827104091760528e-01 9.895833333333332871e-02 1.185318476851869342e-05
6.885571758345436160e+18 3.302249129709630138e-01 -9.410816471356469037e-01 7.291666666666665741e-02 1.510808623294424719e-05
6.885571758345436160e+18 5.538721722197181840e-01 -8.289282847240833085e-01 -7.812500000000000000e-02 1.330665113207625349e-05
7.210078757816528896e+18 4.634488445035670479e-01 -8.420309773352744331e-01 2.760416666666666297e-01 9.247929619057908236e-06
7.210078757816528896e+18 4.582781925382315991e-01 -8.832827104091760528e-01 9.895833333333332871e-02 9.247929619057908236e-06
7.210078757816528896e+18 4.208769216242262967e-01 -9.041823801459178966e-01 -7.291666666666665741e-02 7.881220137852352017e-06
7.905694150420947968e+18 4.634488445035670479e-01 -8.420309773352744331e-01 2.760416666666666297e-01 3.936786466562365477e-06
7.905694150420947968e+18 4.883721505448236355e-01 -8.498950733048049599e-01 1.979166666666666574e-01 4.100633723900837967e-06
7.905694150420947968e+18 4.807309409501903663e-01 -8.608832584243736319e-01 1.666666666666666574e-01 4.281500054507010193e-06
7.905694150420947968e+18 5.249234655038835795e-01 -8.403080874014495771e-01 1.354166666666666574e-01 4.356990920813778489e-06
7.905694150420947968e+18 4.582781925382315991e-01 -8.832827104091760528e-01 9.895833333333332871e-02 3.936786466562365477e-06
7.905694150420947968e+18 3.302249129709630138e-01 -9.410816471356469037e-01 7.291666666666665741e-02 3.784366290329137562e-06
8.278278037064769536e+18 5.270890259359519714e-01 -8.211733046305690342e-01 2.187500000000000000e-01 1.693432325966712145e-06
8.278278037064769536e+18 5.175495290743099552e-01 -8.515856037478061191e-01 8.333333333333332871e-02 1.693432325966712145e-06
8.278278037064769536e+18 5.696648489332517551e-01 -8.194972299464198251e-01 6.250000000000000000e-02 1.693432325966712145e-06
8.278278037064769536e+18 3.939439423937673435e-01 -9.190016483261911340e-01 1.562500000000000000e-02 4.860860075457000142e-06
8.278278037064769536e+18 4.164239118719385013e-01 -9.091556516269151400e-01 5.208333333333333044e-03 1.693432325966712145e-06
8.278278037064769536e+18 5.397023701900572901e-01 -8.408241436234591415e-01 -4.166666666666666435e-02 2.071206438697627372e-06
9.504734908014069760e+18 4.329998212787722345e-01 -9.011532205983471266e-01 -2.083333333333333218e-02 3.725810220257749147e-07
1.042173458675840819e+19 4.815289813981596390e-01 -8.500175272727457099e-01 2.135416666666666574e-01 1.512780490759533704e-07
1.042173458675840819e+19 4.941001015004816144e-01 -8.477786196650058947e-01 1.927083333333333148e-01 2.443226729967347030e-07
1.042173458675840819e+19 5.554971763861334955e-01 -8.204177066689394282e-01 1.354166666666666574e-01 1.173779239031093400e-07
1.142720474037187994e+19 4.970787910113194652e-01 -8.293258600356961940e-01 2.552083333333333148e-01 7.526722241447356929e-08
1.142720474037187994e+19 4.882185813711203415e-01 -8.376870876016452305e-01 2.447916666666666574e-01 7.526722241447356929e-08
1.142720474037187994e+19 5.054886960507622984e-01 -8.433569389225352708e-01 1.822916666666666574e-01 7.526722241447356929e-08
1.196575230806595174e+19 4.815289813981596390e-01 -8.500175272727457099e-01 2.135416666666666574e-01 4.160941503347065464e-08
1.196575230806595174e+19 4.941001015004816144e-01 -8.477786196650058947e-01 1.927083333333333148e-01 2.180862538603709528e-08
1.577393361200485990e+19 5.028642751660974408e-01 -8.274222143269273078e-01 2.500000000000000000e-01 1.929618083303815025e-10
8.709635899560832000e+18 5.185712735937128004e-01 -8.415879330966850036e-01 1.510416666666666574e-01 1.175156651504038784e-06
8.333333333333335040e+18 3.939439423937673435e-01 -9.190016483261911340e-01 1.562500000000000000e-02 1.620286691819000047e-06
5.572584308269147136e+18 4.188418172981848153e-01 -8.581589400905603737e-01 2.968750000000000000e-01 4.999240804963847650e-05
5.572584308269147136e+18 4.312670044846137474e-01 -8.836167263620335888e-01 1.822916666666666574e-01 4.999240804963847650e-05
5.572584308269147136e+18 4.425773672132141678e-01 -8.928498359669307938e-01 8.333333333333332871e-02 4.999240804963847650e-05
1.794204593935408640e+18 1.271295550580054667e-01 -9.360406297836401102e-01 -3.281250000000000000e-01 9.124224026363062998e-03
