3.962232981152777216e+18 6.620296840224823010e-01 -1.435815413523932882e-01 -7.355957031250000000e-01 1.197709887714512502e-03
1.995262314968882790e+19 2.880721011977865342e-01 -9.255916424910183571e-02 -9.531250000000000000e-01 3.676582024875653134e-12
1.318256738556410266e+19 4.582781925382315991e-01 -8.832827104091760528e-01 9.895833333333332871e-02 1.870422819570733617e-08
3.311311214825907814e+19 1.391873555153194386e-01 -1.496418957865055036e-02 -9.901529947916666297e-01 1.924608728760154333e-19
1.210260182567000883e+19 4.329998212787722345e-01 -9.011532205983471266e-01 -2.083333333333333218e-02 1.861823298427920731e-08
1.445439770745927926e+20 -1.417450870112759234e-02 2.121365140505968722e-02 -9.996744791666666297e-01 3.073502727434133443e-82
1.995262314968882790e+19 2.585970860711160890e-01 -1.017456267218763977e-01 -9.606119791666666297e-01 2.161926417748658297e-12
1.318256738556410102e+20 5.513614986253941863e-01 -8.036436789797546387e-01 2.239583333333333148e-01 3.672167522123542828e-74
3.783903121090518016e+18 6.518650276968867008e-01 -1.165273143247368137e-01 -7.493286132812500000e-01 8.248060400421468753e-04
2.884031503126611558e+19 1.615983497666735325e-01 -3.468907235036757658e-02 -9.862467447916666297e-01 1.710989147249943260e-17
3.783903121090518016e+18 6.620296840224823010e-01 -1.435815413523932882e-01 -7.355957031250000000e-01 7.633729062515328106e-04
3.962232981152777216e+18 6.791258535449392619e-01 -1.066204724137541360e-01 -7.262369791666667407e-01 5.819986732795474774e-04
2.187761623949552026e+19 1.835868913647713263e-01 -1.494899201763986649e-02 -9.828898111979166297e-01 2.152194603429909530e-13
1.000000000000000164e+20 5.414580379439046798e-01 -8.103492198283976933e-01 2.239583333333333148e-01 4.068998968018388696e-57
3.467368504525309133e+19 1.328152638261572427e-01 -1.496468623890215809e-02 -9.910278320312500000e-01 2.295286008237385626e-20
2.617821370127246336e+18 8.581589400905599296e-01 -4.188418172981859255e-01 -2.968750000000000000e-01 3.900616622357170118e-03
1.047128548050898534e+19 4.312670044846137474e-01 -8.836167263620335888e-01 1.822916666666666574e-01 5.433112837567879473e-07
2.079409427756685568e+18 8.506689034931090576e-02 -9.878306606381752619e-01 1.302083333333333148e-01 1.574374105368761545e-02
5.011872336272715776e+19 9.544264928656391589e-02 5.001937297998951606e-03 -9.954223632812500000e-01 6.409471605230582766e-16
2.079409427756685568e+18 4.090337232918908605e-01 -9.076906690662699395e-01 -9.375000000000000000e-02 1.574374105368761545e-02
4.148967268593890816e+18 5.490391546520804189e-01 -2.531105171624459249e-01 -7.965494791666667407e-01 5.215969287170567478e-04
8.278278037064769536e+18 5.696648489332517551e-01 -8.194972299464198251e-01 6.250000000000000000e-02 1.693432325966712145e-06
5.282977308203702682e+19 4.213592110506196586e-02 1.474399647745682808e-02 -9.990030924479166297e-01 1.044566466958389146e-31
3.801893963205627904e+19 1.328152638261572427e-01 -1.496468623890215809e-02 -9.910278320312500000e-01 2.665721448993234356e-22
1.042173458675840819e+19 4.815289813981596390e-01 -8.500175272727457099e-01 2.135416666666666574e-01 1.512780490759533704e-07
2.754228703338174464e+19 1.826440046887660429e-01 -5.410161896273014276e-02 -9.816894531250000000e-01 1.912971317419300661e-09
9.549925860214369485e+19 3.035867196898785203e-02 2.329502832100474249e-02 -9.992675781250000000e-01 1.491817355898425540e-53
3.962232981152777216e+18 6.568243884980199399e-01 -1.437529566390440272e-01 -7.402140299479167407e-01 1.197709887714512502e-03
2.079409427756685568e+18 8.443850278470406145e-01 -5.274702477370191156e-01 -9.375000000000000000e-02 7.887987481721335514e-03
8.767559972984568832e+18 5.538721722197181840e-01 -8.289282847240833085e-01 -7.812500000000000000e-02 1.151729003728862944e-06
7.996109730064949248e+19 5.400955266384502851e-01 -8.083100775569577179e-01 2.343750000000000000e-01 5.694127449326234486e-45
2.630267991895370547e+19 1.628804986604210636e-01 -5.397271928297389665e-02 -9.851684570312500000e-01 6.020660896131138712e-16
6.309573444801943962e+19 5.371263967486773483e-01 -8.146432786292306938e-01 2.187500000000000000e-01 2.715591057832047297e-36
5.223240327135101952e+18 4.312670044846137474e-01 -8.836167263620335888e-01 1.822916666666666574e-01 1.065927341758530860e-04
2.624037301248856064e+19 5.526826165841803862e-01 -8.055692905783375934e-01 2.135416666666666574e-01 1.176616577407353219e-16
3.613599426864819712e+18 4.549848169489185135e-01 -8.902554625320651116e-01 2.083333333333333218e-02 1.879187907195661086e-03
5.469404059873880064e+18 4.312670044846137474e-01 -8.836167263620335888e-01 1.822916666666666574e-01 1.734266548020974887e-04
7.905694150420947968e+18 4.582781925382315991e-01 -8.832827104091760528e-01 9.895833333333332871e-02 3.936786466562365477e-06
3.630780547701002650e+19 5.214305346252672280e-01 -8.347165330913025594e-01 1.770833333333333148e-01 1.852333797489141658e-21
7.585775750291819725e+19 5.543086946427680517e-02 1.485265670870794703e-02 -9.983520507812500000e-01 7.488271348372023321e-44
4.988155787422206976e+18 5.490391546520804189e-01 -2.531105171624459249e-01 -7.965494791666667407e-01 1.810493284845710537e-04
5.469404059873880064e+18 4.188418172981848153e-01 -8.581589400905603737e-01 2.968750000000000000e-01 1.734266548020974887e-04
8.668421261313272832e+18 2.155649627232328336e-01 -9.198230582359374907e-02 -9.721476236979166297e-01 1.106383194269423317e-06
3.019951720402019123e+19 4.987648969509788088e-01 -8.438380002257750423e-01 1.979166666666666574e-01 2.911198589996128176e-18
3.783903121090518016e+18 5.111480159714424376e-01 -8.410524352405227555e-01 1.770833333333333148e-01 8.615939932654810562e-04
1.096478196143182848e+19 4.310643196046937686e-01 -2.021993892485688671e-01 -8.793741861979166297e-01 8.334421794281897747e-05
3.295641846391025664e+18 4.712368665306109761e-01 -8.816221680627327473e-01 2.604166666666666435e-02 1.582552117389978037e-03
1.831802912858741965e+19 1.692034637641952610e-01 -7.278603501718217128e-02 -9.828898111979166297e-01 3.414950479147850709e-12
3.311311214825907814e+19 1.081658951991099210e-01 5.000811139301707293e-03 -9.941202799479166297e-01 1.924608728760154333e-19
2.511886431509571994e+19 1.835868913647713263e-01 -1.494899201763986649e-02 -9.828898111979166297e-01 8.737528924797841774e-16
3.450960661507216384e+18 2.369721629973437493e-01 -9.712930382673308216e-01 2.083333333333333218e-02 2.558254277486837584e-03
3.005661086543544832e+18 9.275327282249020699e-01 -3.318765168653394770e-01 -1.718750000000000000e-01 6.419967694665172989e-03
1.995262314968882790e+19 3.939439423937673435e-01 -9.190016483261911340e-01 1.562500000000000000e-02 3.978528408297578675e-12
2.884031503126611558e+19 5.143735199692558435e-01 -8.234195214733048829e-01 2.395833333333333148e-01 2.048963053977385272e-17
1.513561248436207206e+19 4.807309409501903663e-01 -8.608832584243736319e-01 1.666666666666666574e-01 1.370029643829164766e-09
2.741195490357957018e+19 9.439695964832192643e-02 -1.495100962223733058e-02 -9.954223632812500000e-01 8.748949696950073878e-17
3.147313529485428224e+18 7.065462244057741925e-01 -4.294021224655803493e-01 -5.625000000000000000e-01 1.841163861229390148e-03
6.575669979738426368e+18 4.582781925382315991e-01 -8.832827104091760528e-01 9.895833333333332871e-02 2.393006149233109701e-05
9.527303589816261018e+19 5.457408011586566410e-01 -8.060084471267013884e-01 2.291666666666666574e-01 2.750157658778215108e-54
4.168693834703363277e+19 5.653568717249630726e-01 -7.923725427362134921e-01 2.291666666666666574e-01 3.072422314964198976e-25
3.962232981152777216e+18 6.483063704625965373e-01 -1.349276818729701621e-01 -7.493286132812500000e-01 1.197709887714512502e-03
1.103770404941969326e+20 5.541572154520436611e-01 -7.971885642376752568e-01 2.395833333333333148e-01 2.203637236901640317e-63
2.630267991895370547e+19 1.615983497666735325e-01 -3.468907235036757658e-02 -9.862467447916666297e-01 6.020660896131138712e-16
2.089296130854040781e+19 5.653568717249630726e-01 -7.923725427362134921e-01 2.291666666666666574e-01 2.329367614198554131e-13
7.244359600749890765e+19 4.499070349548731779e-02 2.404803203259817460e-02 -9.986979166666666297e-01 1.744943512381940885e-41
5.997082297548711936e+18 3.930523589785475114e-01 -1.575140665083687719e-01 -9.059244791666666297e-01 9.074599321610968467e-05
5.469404059873880064e+18 3.930523589785475114e-01 -1.575140665083687719e-01 -9.059244791666666297e-01 1.747431763074886997e-04
8.709635899560833024e+18 5.065151735859396709e-01 -2.537865943448803230e-01 -8.240356445312500000e-01 3.931283626233196852e-04
1.445439770745927885e+19 4.609948214553249435e-01 -8.753378853221548406e-01 1.458333333333333148e-01 4.898835515997517768e-09
3.162277660168379187e+19 1.760811404710072026e-01 -5.406524774523129018e-02 -9.828898111979166297e-01 3.636706385968394288e-19
1.096478196143182848e+19 3.988776939333234517e-01 -8.851533266453461835e-01 2.395833333333333148e-01 1.591700109180298444e-07
6.606934480075965235e+19 3.535342229236199119e-02 1.464386698979965214e-02 -9.992675781250000000e-01 5.671049842159712495e-37
2.387481465053592064e+18 1.655312175498686866e-01 -9.204158778718891654e-01 3.541666666666666297e-01 5.457803183756384027e-03
2.884031503126611558e+19 5.028642751660974408e-01 -8.274222143269273078e-01 2.500000000000000000e-01 1.073055030657935322e-16
2.630267991895370547e+19 5.143735199692558435e-01 -8.234195214733048829e-01 2.395833333333333148e-01 1.220096699620624611e-15
3.147313529485428224e+18 8.896284439327826199e-01 -3.121700187952468064e-01 -3.333333333333333148e-01 1.878386157579021998e-03
3.490428493502994432e+19 5.543086946427680517e-02 1.485265670870794703e-02 -9.983520507812500000e-01 7.481347945391003631e-21
7.292538746498505114e+19 5.457408011586566410e-01 -8.060084471267013884e-01 2.291666666666666574e-01 2.352196960599569235e-42
5.223240327135101952e+18 3.076992861180162242e-01 -9.509703396123684316e-01 3.125000000000000000e-02 1.389921452129538849e-04
6.918309709189361664e+19 5.543086946427680517e-02 1.485265670870794703e-02 -9.983520507812500000e-01 4.099456813220688507e-21
1.513561248436207206e+19 4.883721505448236355e-01 -8.498950733048049599e-01 1.979166666666666574e-01 2.831352357778251932e-09
2.870384053742198272e+18 8.581589400905599296e-01 -4.188418172981859255e-01 -2.968750000000000000e-01 2.446369496877367697e-03
1.584893192461110804e+20 3.035867196898785203e-02 2.329502832100474249e-02 -9.992675781250000000e-01 8.114765431698428579e-88
7.210078757816528896e+18 3.107913814944863184e-01 -1.020212056104347620e-01 -9.449869791666666297e-01 9.542648360618077402e-06
4.988155787422206976e+18 4.993292278757452962e-01 -2.790900075501101529e-01 -8.202311197916667407e-01 6.579048136498332269e-04
4.365158322401665024e+19 1.328152638261572427e-01 -1.496468623890215809e-02 -9.910278320312500000e-01 2.895905999719638527e-25
6.885571758345436160e+18 4.807309409501903663e-01 -8.608832584243736319e-01 1.666666666666666574e-01 1.240842462297552130e-05
5.572584308269147136e+18 4.312670044846137474e-01 -8.836167263620335888e-01 1.822916666666666574e-01 4.999240804963847650e-05
3.295641846391025664e+18 5.111480159714424376e-01 -8.410524352405227555e-01 1.770833333333333148e-01 1.582552117389978037e-03
2.187761623949552026e+19 2.078533810695825101e-01 -2.485191417385976959e-02 -9.778442382812500000e-01 2.152194603429909530e-13
2.617821370127246336e+18 8.896284439327826199e-01 -3.121700187952468064e-01 -3.333333333333333148e-01 3.689353095643985170e-03
1.258925411794171290e+19 4.037599826403935332e-01 -8.815071845134245798e-01 2.447916666666666574e-01 2.597019319705918994e-08
2.280027098389778944e+18 8.443850278470406145e-01 -5.274702477370191156e-01 -9.375000000000000000e-02 5.667882060138929382e-03
2.177408974890208256e+18 1.655312175498686866e-01 -9.204158778718891654e-01 3.541666666666666297e-01 6.822721291819195018e-03
3.147313529485428224e+18 9.275327282249020699e-01 -3.318765168653394770e-01 -1.718750000000000000e-01 5.730990179398052012e-03
2.280027098389778944e+18 8.238971907614766055e-01 -4.339036899023819838e-01 -3.645833333333333148e-01 5.667882060138929382e-03
1.995262314968882790e+19 4.745750846867165529e-01 -8.498594753743025088e-01 2.291666666666666574e-01 5.527570403603554048e-12
6.279716078773929984e+18 4.312670044846137474e-01 -8.836167263620335888e-01 1.822916666666666574e-01 3.332188793475114531e-05
2.747704369288112947e+19 6.852191369599530679e-02 1.490602992523256537e-02 -9.975382486979166297e-01 5.126868474992366835e-17
8.278278037064769536e+18 5.270890259359519714e-01 -8.211733046305690342e-01 2.187500000000000000e-01 1.693432325966712145e-06
6.025595860743593165e+19 5.358087443624962587e-01 -8.126448353084969600e-01 2.291666666666666574e-01 6.763907609296853577e-36
1.318256738556410266e+19 4.634488445035670479e-01 -8.420309773352744331e-01 2.760416666666666297e-01 1.870422819570733617e-08
2.511886431509571830e+20 5.541572154520436611e-01 -7.971885642376752568e-01 2.395833333333333148e-01 1.209541927150205906e-69
3.962232981152777216e+18 6.673976542165409587e-01 -1.161005283807752114e-01 -7.355957031250000000e-01 5.819986732795474774e-04
8.668421261313272832e+18 2.325191897192927515e-01 -8.286671650218928320e-02 -9.690551757812500000e-01 2.474345098586194740e-06
9.180762344460581888e+18 4.883721505448236355e-01 -8.498950733048049599e-01 1.979166666666666574e-01 6.256655891775167218e-07
2.741195490357957018e+19 1.008258641416094614e-01 -1.495610412685295654e-02 -9.947916666666666297e-01 8.748949696950073878e-17
5.792669429164563456e+18 4.993292278757452962e-01 -2.790900075501101529e-01 -8.202311197916667407e-01 5.424862407762650381e-05
2.398832919019484774e+19 2.059165644158525987e-01 -8.259906589189298931e-02 -9.750773111979166297e-01 8.704548907126400613e-15
1.047128548050898289e+20 3.035867196898785203e-02 2.329502832100474249e-02 -9.992675781250000000e-01 1.833999223041270755e-59
1.258925411794171290e+19 4.135767336262697880e-01 -1.844917832780534617e-01 -8.915812174479166297e-01 3.171557563335690926e-05
1.905460717963252122e+19 2.325191897192927515e-01 -8.286671650218928320e-02 -9.690551757812500000e-01 8.759303480815561185e-12
8.317637711026742272e+18 4.609948214553249435e-01 -8.753378853221548406e-01 1.458333333333333148e-01 1.034255023673455818e-05
8.317637711026742272e+18 3.584815393862098576e-01 -9.293284452674319684e-01 8.854166666666665741e-02 6.088392566591727725e-04
1.995262314968882790e+19 2.385897977103583478e-01 -1.015151777131549915e-01 -9.657999674479166297e-01 3.054825046160264947e-12
1.659586907437556326e+19 2.913998330449847352e-01 -1.019652116120613738e-01 -9.511515299479166297e-01 1.300559568023402556e-10
1.044648065427020390e+19 1.981243334016166147e-01 -4.449030684378363354e-02 -9.791666666666666297e-01 1.321249643704804605e-07
6.279716078773929984e+18 4.188418172981848153e-01 -8.581589400905603737e-01 2.968750000000000000e-01 3.332188793475114531e-05
6.279716078773929984e+18 4.529200563998806994e-01 -8.349893247884843106e-01 3.125000000000000000e-01 3.284668656985114614e-05
3.962232981152777216e+18 4.549848169489185135e-01 -8.902554625320651116e-01 2.083333333333333218e-02 6.063920867540064080e-04
1.142720474037187994e+19 4.882185813711203415e-01 -8.376870876016452305e-01 2.447916666666666574e-01 7.526722241447356929e-08
1.995262314968882790e+19 5.244394127721779819e-01 -8.170453651542625151e-01 2.395833333333333148e-01 7.707093542101044788e-12
3.019951720402019123e+19 1.760811404710072026e-01 -5.406524774523129018e-02 -9.828898111979166297e-01 2.859959527305647482e-18
1.577393361200485990e+19 5.028642751660974408e-01 -8.274222143269273078e-01 2.500000000000000000e-01 1.929618083303815025e-10
5.469404059873880064e+18 4.037599826403935332e-01 -8.815071845134245798e-01 2.447916666666666574e-01 7.603493451388448660e-05
3.450960661507216384e+18 6.518650276968867008e-01 -1.165273143247368137e-01 -7.493286132812500000e-01 3.576100659389911188e-03
1.819700858609990246e+19 5.214079955189130366e-01 -8.233932032385893329e-01 2.239583333333333148e-01 2.649600653119918223e-11
1.047128548050898534e+19 4.245267248728261111e-01 -8.835191299141786914e-01 1.979166666666666574e-01 5.822601180218201827e-07
3.450960661507216384e+18 6.483063704625965373e-01 -1.349276818729701621e-01 -7.493286132812500000e-01 1.166881673276794814e-03
1.584893192461110886e+19 3.302249129709630138e-01 -9.410816471356469037e-01 7.291666666666665741e-02 6.730959110393398883e-10
5.223240327135101952e+18 4.223645052550321632e-01 -1.933735683402510175e-01 -8.855590820312500000e-01 1.166959908099260819e-04
9.120108393559115776e+18 3.584815393862098576e-01 -9.293284452674319684e-01 8.854166666666665741e-02 3.375142242832493292e-04
2.290867652767770214e+19 2.045498802367510527e-01 -4.449710277414442583e-02 -9.778442382812500000e-01 4.261974754889159311e-08
1.258925411794171290e+19 3.988776939333234517e-01 -8.851533266453461835e-01 2.395833333333333148e-01 2.597019319705918994e-08
1.196575230806595174e+19 4.941001015004816144e-01 -8.477786196650058947e-01 1.927083333333333148e-01 2.180862538603709528e-08
3.962232981152777216e+18 6.518650276968867008e-01 -1.165273143247368137e-01 -7.493286132812500000e-01 1.893019827612941845e-03
3.183308620071456358e+19 8.907488889637854568e-02 5.002338461766964346e-03 -9.960123697916666297e-01 3.636706385968394288e-19
2.630267991895370547e+19 1.760811404710072026e-01 -5.406524774523129018e-02 -9.828898111979166297e-01 9.906918383857167501e-17
2.290867652767770214e+19 1.991911326034642438e-01 -8.250766862881242503e-02 -9.764811197916666297e-01 4.770462541600608288e-08
3.962232981152777216e+18 6.463321158517880693e-01 -1.440882553733990046e-01 -7.493286132812500000e-01 5.819986732795474774e-04
1.819700858609990246e+19 2.686007188117179867e-01 -9.248664443632761967e-02 -9.588012695312500000e-01 5.370321765515181061e-11
2.089296130854040781e+19 4.882185813711203415e-01 -8.376870876016452305e-01 2.447916666666666574e-01 6.351684677470162778e-13
6.309573444801943962e+19 5.358087443624962587e-01 -8.126448353084969600e-01 2.291666666666666574e-01 2.191030356854530780e-19
5.997082297548711936e+18 4.037599826403935332e-01 -8.815071845134245798e-01 2.447916666666666574e-01 1.019685031884239219e-04
1.737800828749369139e+19 2.783546837894284587e-01 -1.018985131071309669e-01 -9.550577799479166297e-01 1.813337450633994603e-06
1.047128548050898289e+20 5.470828783017586128e-01 -8.079905703466242484e-01 2.187500000000000000e-01 1.836083761061771414e-74
9.549925860214368256e+18 5.667471883984220860e-01 -7.943211327558165058e-01 2.187500000000000000e-01 3.725810220257749677e-07
2.617821370127246336e+18 7.065462244057741925e-01 -4.294021224655803493e-01 -5.625000000000000000e-01 7.603940683610451237e-03
1.815390273850501325e+19 1.391873555153194386e-01 -1.496418957865055036e-02 -9.901529947916666297e-01 1.125236133713112904e-11
3.019951720402019123e+19 1.592090482744347169e-01 -4.438284956365363965e-02 -9.862467447916666297e-01 3.082220418442672997e-10
5.727169131919425536e+18 4.425773672132141678e-01 -8.928498359669307938e-01 8.333333333333332871e-02 5.389296356787454307e-05
3.981071705534985830e+19 1.335621978141888766e-01 -4.997544845623670511e-03 -9.910278320312500000e-01 1.275952580590853077e-12
3.962232981152777216e+18 6.689339883681837406e-01 -1.068937825594710178e-01 -7.355957031250000000e-01 5.819986732795474774e-04
8.372954771698573312e+19 5.358087443624962587e-01 -8.126448353084969600e-01 2.291666666666666574e-01 1.867277209255773868e-47
1.737800828749369139e+19 5.007885203065625124e-01 -8.472616779866295467e-01 1.770833333333333148e-01 7.169773277721628431e-11
1.258925411794171331e+20 5.499740665020812491e-01 -8.016214103616271514e-01 2.343750000000000000e-01 2.881298067052385021e-70
3.783903121090518016e+18 6.651864751860205871e-01 -1.525074227688796302e-01 -7.309366861979167407e-01 8.248060400421468753e-04
2.398832919019484774e+19 2.088016812188371041e-01 -9.187493860420790914e-02 -9.736328125000000000e-01 1.624003693147300533e-14
1.054092553389459661e+19 4.807309409501903663e-01 -8.608832584243736319e-01 1.666666666666666574e-01 9.304347522305273026e-08
8.767559972984569856e+19 5.499740665020812491e-01 -8.016214103616271514e-01 2.343750000000000000e-01 3.536025019108423666e-51
4.763651794908130304e+18 5.595654625854945552e-01 -8.264261873158917915e-01 -6.250000000000000000e-02 2.093740942473214456e-04
2.754228703338174464e+19 5.028642751660974408e-01 -8.274222143269273078e-01 2.500000000000000000e-01 4.639724832085567094e-16
3.147313529485428224e+18 1.864242169323851450e-01 -9.682294322955532495e-01 1.666666666666666574e-01 1.717797821092080035e-03
3.962232981152777216e+18 6.515917969830052892e-01 -1.439218654977302558e-01 -7.447916666666667407e-01 5.819986732795474774e-04
6.885571758345436160e+18 5.538721722197181840e-01 -8.289282847240833085e-01 -7.812500000000000000e-02 1.330665113207625349e-05
2.187761623949552026e+19 1.525622075456890270e-01 4.994369552166286891e-03 -9.882812500000000000e-01 3.379337797726522117e-13
7.549879301005047808e+18 2.894528033953094881e-01 -6.388827410059816359e-02 -9.550577799479166297e-01 5.064334545087367428e-06
2.884031503126611558e+19 1.657431651645323301e-01 -4.441074725681476432e-02 -9.851684570312500000e-01 4.819931177501461654e-17
1.202264434617418056e+20 2.841450264892595584e-02 1.447791223435463369e-02 -9.994913736979166297e-01 5.758754067724564337e-46
1.380384264602886636e+20 3.035867196898785203e-02 2.329502832100474249e-02 -9.992675781250000000e-01 2.735924122758488967e-77
1.995262314968882790e+19 2.783546837894284587e-01 -1.018985131071309669e-01 -9.550577799479166297e-01 2.161926417748658297e-12
9.504734908014069760e+18 4.329998212787722345e-01 -9.011532205983471266e-01 -2.083333333333333218e-02 3.725810220257749147e-07
4.344502071873422848e+18 5.595654625854945552e-01 -8.264261873158917915e-01 -6.250000000000000000e-02 3.691735489816596488e-04
3.162277660168379187e+19 5.143735199692558435e-01 -8.234195214733048829e-01 2.395833333333333148e-01 1.292991616803686682e-18
3.783903121090518016e+18 6.522409704652982754e-01 -7.955992791639945882e-02 -7.538248697916667407e-01 7.861056046693729992e-04
3.783903121090518016e+18 6.639451743075425183e-01 -1.344461492857408069e-01 -7.355957031250000000e-01 7.861056046693729992e-04
8.709635899560833024e+18 5.401421657568773460e-01 -8.415093189187067280e-01 -1.041666666666666609e-02 1.151729003728862944e-06
1.258925411794171290e+19 3.076992861180162242e-01 -9.509703396123684316e-01 3.125000000000000000e-02 2.597019319705918994e-08
2.617821370127246336e+18 8.057644705230800897e-01 -3.750655590669662587e-01 -4.583333333333333148e-01 3.951885796044201510e-03
7.292538746498506752e+18 4.037599826403935332e-01 -8.815071845134245798e-01 2.447916666666666574e-01 8.362486511396333350e-06
9.549925860214369485e+19 5.541572154520436611e-01 -7.971885642376752568e-01 2.395833333333333148e-01 8.845695303611772814e-54
3.019951720402019123e+19 1.562388102307279147e-01 -5.391467857205290565e-02 -9.862467447916666297e-01 2.169213292037193302e-17
9.549925860214368256e+18 4.680022331863079033e-01 -8.755705947151555257e-01 -1.197916666666666574e-01 1.699696726829777816e-06
8.668421261313272832e+18 2.385897977103583478e-01 -1.015151777131549915e-01 -9.657999674479166297e-01 2.644769070951053992e-06
1.595433641075460301e+19 5.054886960507622984e-01 -8.433569389225352708e-01 1.822916666666666574e-01 9.424359168679468642e-11
5.282977308203702682e+19 4.881775805645387212e-02 1.480870500757090064e-02 -9.986979166666666297e-01 1.044566466958389146e-31
8.317637711026742272e+18 5.595654625854945552e-01 -8.264261873158917915e-01 -6.250000000000000000e-02 5.364816580893481002e-04
3.450960661507216384e+18 9.150416832557185798e-02 -9.913818258769148128e-01 9.375000000000000000e-02 2.368992805046029292e-03
1.595433641075460301e+19 4.970787910113194652e-01 -8.293258600356961940e-01 2.552083333333333148e-01 9.424359168679468642e-11
1.318256738556410102e+20 5.457408011586566410e-01 -8.060084471267013884e-01 2.291666666666666574e-01 1.993930117571809620e-73
2.630267991895370547e+19 1.592090482744347169e-01 -4.438284956365363965e-02 -9.862467447916666297e-01 6.020660896131138712e-16
4.763651794908130304e+18 3.222946394858305363e-01 -9.184817930953163012e-01 2.291666666666666574e-01 2.111694144854315289e-04
1.595433641075460301e+19 2.045498802367510527e-01 -4.449710277414442583e-02 -9.778442382812500000e-01 1.045942128665373483e-10
7.943282347242789274e+19 5.543086946427680517e-02 1.485265670870794703e-02 -9.983520507812500000e-01 1.171921387882488209e-23
4.344502071873422848e+18 5.490391546520804189e-01 -2.531105171624459249e-01 -7.965494791666667407e-01 3.651885649374697574e-04
1.513561248436207206e+19 5.611819262932583596e-01 -7.968171123490908059e-01 2.239583333333333148e-01 4.249687437610088893e-10
2.884031503126611558e+19 1.694939077663172866e-01 -5.402256733917097653e-02 -9.840494791666666297e-01 4.819931177501461654e-17
1.258925411794171290e+19 3.930523589785475114e-01 -1.575140665083687719e-01 -9.059244791666666297e-01 4.775020778153451382e-08
2.187761623949552026e+19 1.936899009150913065e-01 -3.471523467568958521e-02 -9.804484049479166297e-01 9.492347598765951271e-08
8.709635899560832000e+18 5.185712735937128004e-01 -8.415879330966850036e-01 1.510416666666666574e-01 1.175156651504038784e-06
3.981071705534985830e+19 1.399002551475439227e-01 -4.996550284529596708e-03 -9.901529947916666297e-01 3.151223677783522606e-23
1.047128548050898534e+19 3.930523589785475114e-01 -1.575140665083687719e-01 -9.059244791666666297e-01 1.385822058593285492e-07
1.000000000000000164e+20 5.541572154520436611e-01 -7.971885642376752568e-01 2.395833333333333148e-01 7.514992407821555558e-56
1.258925411794171331e+20 -1.474399647745683675e-02 4.213592110506195892e-02 -9.990030924479166297e-01 3.213813667539316097e-72
9.076951369252506624e+18 2.385897977103583478e-01 -1.015151777131549915e-01 -9.657999674479166297e-01 9.263575626644683778e-07
5.495408738576225894e+19 9.544264928656391589e-02 5.001937297998951606e-03 -9.954223632812500000e-01 5.523231829620329429e-31
1.096478196143182848e+19 3.076992861180162242e-01 -9.509703396123684316e-01 3.125000000000000000e-02 1.591700109180298444e-07
7.210078757816528896e+18 4.208769216242262967e-01 -9.041823801459178966e-01 -7.291666666666665741e-02 7.881220137852352017e-06
1.819700858609990246e+19 2.848894128261148517e-01 -1.019350618511192380e-01 -9.531250000000000000e-01 5.370321765515181061e-11
4.148967268593890816e+18 4.993292278757452962e-01 -2.790900075501101529e-01 -8.202311197916667407e-01 1.026370071727966855e-03
3.040036131186371789e+19 1.072430619194915669e-01 -1.495976826050097845e-02 -9.941202799479166297e-01 8.262237633929973778e-19
5.469404059873880064e+18 3.988776939333234517e-01 -8.851533266453461835e-01 2.395833333333333148e-01 7.603493451388448660e-05
4.344502071873422848e+18 4.903536077325701403e-01 -8.533433262405046849e-01 1.770833333333333148e-01 3.790433378921611056e-04
9.076951369252506624e+18 2.935089756971233643e-01 -7.352017111123626547e-02 -9.531250000000000000e-01 9.504878631135315980e-07
1.995262314968882790e+19 5.214079955189130366e-01 -8.233932032385893329e-01 2.239583333333333148e-01 3.591075140176052573e-12
4.148967268593890816e+18 3.918221886746640070e-01 -8.839366940338081458e-01 2.552083333333333148e-01 4.762314919949307184e-04
9.549925860214368256e+18 5.490391546520804189e-01 -2.531105171624459249e-01 -7.965494791666667407e-01 1.415083484220050294e-06
5.469404059873880064e+18 3.076992861180162242e-01 -9.509703396123684316e-01 3.125000000000000000e-02 7.603493451388448660e-05
7.244359600749890765e+19 5.200961323364780564e-02 2.425248094852953604e-02 -9.983520507812500000e-01 2.811249897636564059e-53
9.549925860214368256e+18 4.090337232918908605e-01 -9.076906690662699395e-01 9.375000000000000000e-02 1.777575255108916849e-06
1.438599843342897562e+19 1.760811404710072026e-01 -5.406524774523129018e-02 -9.828898111979166297e-01 8.880516646487587658e-10
1.047128548050898534e+19 4.159529296495924067e-01 -1.933651801173683904e-01 -8.885904947916666297e-01 1.532549953010056958e-04
3.450960661507216384e+18 6.568243884980199399e-01 -1.437529566390440272e-01 -7.402140299479167407e-01 1.166881673276794814e-03
4.549252146524975616e+18 4.903536077325701403e-01 -8.533433262405046849e-01 1.770833333333333148e-01 2.898882549979134369e-04
7.905694150420947968e+18 3.302249129709630138e-01 -9.410816471356469037e-01 7.291666666666665741e-02 3.784366290329137562e-06
1.096478196143182848e+19 4.037599826403935332e-01 -8.815071845134245798e-01 2.447916666666666574e-01 1.591700109180298444e-07
4.763651794908130304e+18 4.680022331863079033e-01 -8.755705947151555257e-01 -1.197916666666666574e-01 2.228804829008803690e-04
1.380384264602886554e+19 4.634488445035670479e-01 -8.420309773352744331e-01 2.760416666666666297e-01 6.814414572554561344e-09
8.278278037064769536e+18 4.164239118719385013e-01 -9.091556516269151400e-01 5.208333333333333044e-03 1.693432325966712145e-06
3.801893963205627904e+19 5.214305346252672280e-01 -8.347165330913025594e-01 1.770833333333333148e-01 3.101542774454938294e-22
1.000000000000000000e+19 4.544659213416431531e-01 -8.892401546983695892e-01 -5.208333333333332871e-02 2.477704846905486282e-06
3.981071705534985830e+19 5.214305346252672280e-01 -8.347165330913025594e-01 1.770833333333333148e-01 9.522833917251389878e-23
2.511886431509571830e+20 5.499740665020812491e-01 -8.016214103616271514e-01 2.343750000000000000e-01 1.209541927150205906e-69
3.613599426864819712e+18 6.179162994315297031e-01 -3.012628370505039954e-01 -7.262369791666667407e-01 8.930758249852013657e-04
8.709635899560833024e+18 5.367427610091950463e-01 -2.274883700416928112e-01 -8.125000000000000000e-01 4.565880095244381092e-04
5.572584308269147136e+18 4.425773672132141678e-01 -8.928498359669307938e-01 8.333333333333332871e-02 4.999240804963847650e-05
5.754399373371590246e+19 6.199474965294999446e-02 1.488362256616268878e-02 -9.979654947916666297e-01 3.274198889205476841e-33
3.801893963205627904e+19 5.417584586874566455e-01 -8.216685861685032455e-01 1.770833333333333148e-01 3.069287874304163564e-22
1.196575230806595174e+19 4.815289813981596390e-01 -8.500175272727457099e-01 2.135416666666666574e-01 4.160941503347065464e-08
1.737800828749369139e+19 2.325191897192927515e-01 -8.286671650218928320e-02 -9.690551757812500000e-01 5.998544386131777869e-11
9.120108393559115776e+18 3.656129978047739648e-01 -9.307669610789837122e-01 0.000000000000000000e+00 3.375142242832493292e-04
7.905694150420947968e+18 4.883721505448236355e-01 -8.498950733048049599e-01 1.979166666666666574e-01 4.100633723900837967e-06
1.995262314968882790e+19 2.325191897192927515e-01 -8.286671650218928320e-02 -9.690551757812500000e-01 3.498645773177006441e-12
1.513561248436207288e+20 5.499740665020812491e-01 -8.016214103616271514e-01 2.343750000000000000e-01 3.109351186770280410e-43
5.011872336272715776e+19 5.042301644062402444e-01 -8.296696738411889482e-01 2.395833333333333148e-01 1.668163838374078138e-29
5.469404059873880064e+18 4.223645052550321632e-01 -1.933735683402510175e-01 -8.855590820312500000e-01 1.744215309404615612e-04
6.885571758345436160e+18 4.634488445035670479e-01 -8.420309773352744331e-01 2.760416666666666297e-01 1.185318476851869342e-05
2.187761623949552026e+19 2.000687198521509946e-01 -3.471521605305770419e-02 -9.791666666666666297e-01 9.492347598765951271e-08
1.380384264602886554e+19 4.582781925382315991e-01 -8.832827104091760528e-01 9.895833333333332871e-02 6.814414572554561344e-09
1.513561248436207288e+20 5.541572154520436611e-01 -7.971885642376752568e-01 2.395833333333333148e-01 3.109351186770280410e-43
1.584893192461110886e+19 4.883721505448236355e-01 -8.498950733048049599e-01 1.979166666666666574e-01 4.432483963233937301e-10
2.089296130854040781e+19 4.487184682364356858e-01 -8.779942815791963451e-01 1.666666666666666574e-01 2.395870009217111167e-12
6.025595860743593165e+19 5.371263967486773483e-01 -8.146432786292306938e-01 2.187500000000000000e-01 7.546212349767252860e-35
2.511886431509571994e+19 4.970787910113194652e-01 -8.293258600356961940e-01 2.552083333333333148e-01 4.136562687644832711e-15
6.885571758345436160e+18 3.524403595756209207e-01 -1.300221131670373509e-01 -9.267578125000000000e-01 3.882627856512654298e-05
2.398832919019484774e+19 4.882185813711203415e-01 -8.376870876016452305e-01 2.447916666666666574e-01 2.223655679649454773e-08
1.819700858609990246e+19 2.845391540598499192e-01 -8.307891891365622172e-02 -9.550577799479166297e-01 3.476242033194128470e-11
2.511886431509571994e+19 4.882185813711203415e-01 -8.376870876016452305e-01 2.447916666666666574e-01 4.136562687644832711e-15
9.120108393559115366e+19 5.555906713975542477e-01 -7.992506770375010783e-01 2.291666666666666574e-01 2.552595540762283587e-53
1.196575230806595174e+19 2.155649627232328336e-01 -9.198230582359374907e-02 -9.721476236979166297e-01 3.112532496016726003e-08
2.398832919019484774e+19 4.941001015004816144e-01 -8.477786196650058947e-01 1.927083333333333148e-01 1.032048122341834157e-14
3.295641846391025664e+18 6.672074730417558719e-01 -1.434076312029551881e-01 -7.309366861979167407e-01 2.891099915734217461e-03
1.513561248436207206e+19 3.524403595756209207e-01 -1.300221131670373509e-01 -9.267578125000000000e-01 5.595652928817103021e-06
5.223240327135101952e+18 4.425773672132141678e-01 -8.928498359669307938e-01 8.333333333333332871e-02 1.065927341758530860e-04
4.549252146524975616e+18 5.367427610091950463e-01 -2.274883700416928112e-01 -8.125000000000000000e-01 2.946300757612205288e-04
2.398832919019484774e+19 2.045498802367510527e-01 -4.449710277414442583e-02 -9.778442382812500000e-01 3.869764091292250134e-14
3.783903121090518016e+18 6.568243884980199399e-01 -1.437529566390440272e-01 -7.402140299479167407e-01 7.633729062515328106e-04
8.767559972984569856e+19 5.555906713975542477e-01 -7.992506770375010783e-01 2.291666666666666574e-01 3.536025019108423666e-51
3.019951720402019123e+19 1.623795572000227005e-01 -7.266018136047205922e-02 -9.840494791666666297e-01 8.262237633929973778e-19
6.575669979738426368e+18 4.807309409501903663e-01 -8.608832584243736319e-01 1.666666666666666574e-01 4.668671464251863078e-05
8.709635899560833024e+18 5.595654625854945552e-01 -8.264261873158917915e-01 -6.250000000000000000e-02 1.075585932815100360e-06
2.511886431509571994e+19 1.772654937651845231e-01 -1.495216613061345345e-02 -9.840494791666666297e-01 8.737528924797841774e-16
3.005661086543544832e+18 -1.832566243613808002e-02 -9.954270980821632309e-01 9.375000000000000000e-02 4.444688253009891274e-03
9.504734908014069760e+18 2.585970860711160890e-01 -1.017456267218763977e-01 -9.606119791666666297e-01 5.556172483431649343e-07
2.187761623949552026e+19 2.059165644158525987e-01 -8.259906589189298931e-02 -9.750773111979166297e-01 9.492347598765951271e-08
3.962232981152777216e+18 6.651864751860205871e-01 -1.525074227688796302e-01 -7.309366861979167407e-01 1.893019827612941845e-03
7.943282347242789274e+19 5.414580379439046798e-01 -8.103492198283976933e-01 2.239583333333333148e-01 4.804590416843849089e-56
3.981071705534985830e+19 1.391873555153194386e-01 -1.496418957865055036e-02 -9.901529947916666297e-01 3.151223677783522606e-23
3.962232981152777216e+18 2.369721629973437493e-01 -9.712930382673308216e-01 2.083333333333333218e-02 6.063920867540064080e-04
4.549252146524975616e+18 4.680022331863079033e-01 -8.755705947151555257e-01 -1.197916666666666574e-01 2.898882549979134369e-04
7.210078757816528896e+18 4.582781925382315991e-01 -8.832827104091760528e-01 9.895833333333332871e-02 9.247929619057908236e-06
6.918309709189361664e+19 5.551277800551862596e-01 -8.091332684267095177e-01 1.927083333333333148e-01 1.966686026494121792e-39
4.148967268593890816e+18 4.544659213416431531e-01 -8.892401546983695892e-01 -5.208333333333332871e-02 1.005596968939700703e-03
2.870384053742198272e+18 7.065462244057741925e-01 -4.294021224655803493e-01 -5.625000000000000000e-01 7.979675111559567449e-03
8.317637711026674074e+19 3.535342229236199119e-02 1.464386698979965214e-02 -9.992675781250000000e-01 2.107252984672264575e-24
1.044648065427020390e+19 1.894518528214568232e-01 -7.307964389216747847e-02 -9.791666666666666297e-01 1.321249643704804605e-07
1.142720474037187994e+19 4.970787910113194652e-01 -8.293258600356961940e-01 2.552083333333333148e-01 7.526722241447356929e-08
2.387481465053592064e+18 2.896527107623088626e-01 -9.341833489044152339e-01 -2.083333333333333148e-01 1.031060835183541559e-02
3.019951720402019123e+19 1.615983497666735325e-01 -3.468907235036757658e-02 -9.862467447916666297e-01 3.082220418442672997e-10
5.223240327135101952e+18 4.037599826403935332e-01 -8.815071845134245798e-01 2.447916666666666574e-01 1.389921452129538849e-04
6.351535726544174080e+18 4.993292278757452962e-01 -2.790900075501101529e-01 -8.202311197916667407e-01 2.929028039320023783e-05
1.655655607412953907e+19 1.377651890239851296e-01 -2.485557479277769946e-02 -9.901529947916666297e-01 6.502797840117012779e-11
6.885571758345436160e+18 4.582781925382315991e-01 -8.832827104091760528e-01 9.895833333333332871e-02 1.185318476851869342e-05
8.317637711026742272e+18 5.490391546520804189e-01 -2.531105171624459249e-01 -7.965494791666667407e-01 1.788212706459843829e-06
6.025595860743593165e+19 1.018063146042409300e-01 -5.001423523145672248e-03 -9.947916666666666297e-01 7.316985602932706884e-34
6.650874383229608960e+18 5.595654625854945552e-01 -8.264261873158917915e-01 -6.250000000000000000e-02 2.258943472269309195e-05
2.754228703338174464e+19 1.694939077663172866e-01 -5.402256733917097653e-02 -9.840494791666666297e-01 1.912971317419300661e-09
1.595433641075460301e+19 4.882185813711203415e-01 -8.376870876016452305e-01 2.447916666666666574e-01 9.424359168679468642e-11
3.962232981152777216e+18 4.712368665306109761e-01 -8.816221680627327473e-01 2.604166666666666435e-02 7.033545788027439081e-04
1.054092553389459866e+20 3.035867196898785203e-02 2.329502832100474249e-02 -9.992675781250000000e-01 1.833999223041270755e-59
1.737800828749369139e+19 5.214079955189130366e-01 -8.233932032385893329e-01 2.239583333333333148e-01 2.614864385628966705e-11
3.981071705534985830e+19 1.486564143424347617e-01 -3.466181433923872651e-02 -9.882812500000000000e-01 1.275952580590853077e-12
4.344502071873422848e+18 5.065151735859396709e-01 -2.537865943448803230e-01 -8.240356445312500000e-01 4.208514142837434593e-04
3.981071705534985830e+19 1.377651890239851296e-01 -2.485557479277769946e-02 -9.901529947916666297e-01 1.591912748036456053e-23
1.905460717963252122e+19 2.879819706420497782e-01 -1.112526478914503264e-01 -9.511515299479166297e-01 3.414950479147850709e-12
6.575669979738426368e+18 4.208769216242262967e-01 -9.041823801459178966e-01 -7.291666666666665741e-02 2.429948655433532018e-05
5.469404059873880064e+18 4.425773672132141678e-01 -8.928498359669307938e-01 8.333333333333332871e-02 1.734266548020974887e-04
3.613599426864819712e+18 6.672074730417558719e-01 -1.434076312029551881e-01 -7.309366861979167407e-01 1.920476938912683666e-03
9.549925860214368256e+18 3.129618902559435090e-01 -9.473491631096999654e-01 6.770833333333332871e-02 1.334085369433989864e-06
7.292538746498506752e+18 3.076992861180162242e-01 -9.509703396123684316e-01 3.125000000000000000e-02 8.362486511396333350e-06
1.006650573467339817e+20 3.035867196898785203e-02 2.329502832100474249e-02 -9.992675781250000000e-01 3.398963889084472436e-57
2.754228703338174464e+19 5.143735199692558435e-01 -8.234195214733048829e-01 2.395833333333333148e-01 1.061681839738963157e-16
5.495408738576225894e+19 8.907488889637854568e-02 5.002338461766964346e-03 -9.960123697916666297e-01 5.523231829620329429e-31
2.290867652767770214e+19 4.882185813711203415e-01 -8.376870876016452305e-01 2.447916666666666574e-01 4.033356073472359916e-08
3.005661086543544832e+18 1.864242169323851450e-01 -9.682294322955532495e-01 1.666666666666666574e-01 4.810753755570971318e-03
4.168693834703363277e+19 8.907488889637854568e-02 5.002338461766964346e-03 -9.960123697916666297e-01 2.655916930551135855e-24
2.398832919019484774e+19 5.054886960507622984e-01 -8.433569389225352708e-01 1.822916666666666574e-01 2.223655679649454773e-08
5.572584308269147136e+18 4.188418172981848153e-01 -8.581589400905603737e-01 2.968750000000000000e-01 4.999240804963847650e-05
1.042173458675840819e+19 2.192745711386420437e-01 -8.275059027256846667e-02 -9.721476236979166297e-01 1.106271844584635122e-07
2.290867652767770214e+19 5.054886960507622984e-01 -8.433569389225352708e-01 1.822916666666666574e-01 4.033356073472359916e-08
1.047128548050898534e+19 4.425773672132141678e-01 -8.928498359669307938e-01 8.333333333333332871e-02 5.433112837567879473e-07
8.317637711026674074e+19 4.213592110506196586e-02 1.474399647745682808e-02 -9.990030924479166297e-01 1.173733101895105743e-46
2.741195490357957120e+18 7.065462244057741925e-01 -4.294021224655803493e-01 -5.625000000000000000e-01 6.411688281596263257e-03
1.815390273850501325e+19 1.081658951991099210e-01 5.000811139301707293e-03 -9.941202799479166297e-01 1.125236133713112904e-11
1.380384264602886554e+19 -4.998209185575168932e-03 4.436033345722840276e-02 -9.990030924479166297e-01 1.975963220162012982e-09
5.727169131919425536e+18 4.037599826403935332e-01 -8.815071845134245798e-01 2.447916666666666574e-01 5.933995585587582345e-05
3.630780547701002650e+19 5.546676400276069341e-01 -8.191925585569573842e-01 1.458333333333333148e-01 2.003804372628224432e-21
5.997082297548711936e+18 3.988776939333234517e-01 -8.851533266453461835e-01 2.395833333333333148e-01 1.019685031884239219e-04
2.528591916763940045e+19 1.208726259265859443e-01 4.999328788489286815e-03 -9.926554361979166297e-01 1.128889340269886680e-15
2.280027098389778944e+18 8.506689034931090576e-02 -9.878306606381752619e-01 1.302083333333333148e-01 5.786331553054716199e-03
3.783903121090518016e+18 6.483063704625965373e-01 -1.349276818729701621e-01 -7.493286132812500000e-01 7.633729062515328106e-04
1.794204593935408640e+18 1.271295550580054667e-01 -9.360406297836401102e-01 -3.281250000000000000e-01 9.124224026363062998e-03
7.244359600749890765e+19 5.470828783017586128e-01 -8.079905703466242484e-01 2.187500000000000000e-01 2.842021080067809048e-48
2.290867652767770214e+19 2.059542655757077290e-01 -6.377666643517557188e-02 -9.764811197916666297e-01 4.770462541600608288e-08
7.227198853729639629e+19 3.035867196898785203e-02 2.329502832100474249e-02 -9.992675781250000000e-01 2.839034641950622124e-42
9.976311574844414362e+19 5.513614986253941863e-01 -8.036436789797546387e-01 2.239583333333333148e-01 7.451963841435133132e-56
1.651733620018991309e+19 1.248713936936603486e-01 -2.483846453760333792e-02 -9.918619791666666297e-01 4.600793733242604830e-11
2.511886431509571994e+19 2.124917280486224025e-01 -6.380832781033797529e-02 -9.750773111979166297e-01 1.128889340269886680e-15
3.981071705534985830e+19 1.264352603275120945e-01 -1.496459920937211543e-02 -9.918619791666666297e-01 1.275952580590853077e-12
2.511886431509571994e+19 2.078533810695825101e-01 -2.485191417385976959e-02 -9.778442382812500000e-01 8.737528924797841774e-16
1.000000000000000164e+20 5.457408011586566410e-01 -8.060084471267013884e-01 2.291666666666666574e-01 1.440649033526192510e-70
7.905694150420947968e+18 4.807309409501903663e-01 -8.608832584243736319e-01 1.666666666666666574e-01 4.281500054507010193e-06
3.162277660168379187e+19 1.722563320076563875e-01 -4.443398063509718110e-02 -9.840494791666666297e-01 1.579685885344786337e-18
4.365158322401665024e+19 5.569569711856958705e-01 -8.012161816561469418e-01 2.187500000000000000e-01 5.496587849266114990e-26
1.044648065427020390e+19 2.109602693714879851e-01 -4.450154421053301862e-02 -9.764811197916666297e-01 1.321249643704804605e-07
1.380384264602886554e+19 5.538721722197181840e-01 -8.289282847240833085e-01 -7.812500000000000000e-02 1.471902103142242017e-05
2.089296130854040781e+19 5.054886960507622984e-01 -8.433569389225352708e-01 1.822916666666666574e-01 6.351684677470162778e-13
1.523627298716250726e+19 5.554971763861334955e-01 -8.204177066689394282e-01 1.354166666666666574e-01 2.153943795448023931e-10
1.044648065427020390e+19 1.825083232604933769e-01 -2.486626196208551257e-02 -9.828898111979166297e-01 1.321249643704804605e-07
5.223240327135101952e+18 3.988776939333234517e-01 -8.851533266453461835e-01 2.395833333333333148e-01 1.389921452129538849e-04
7.292538746498506752e+18 3.988776939333234517e-01 -8.851533266453461835e-01 2.395833333333333148e-01 8.362486511396333350e-06
4.365158322401665024e+19 1.145213554771058739e-01 -5.000110363291357385e-03 -9.934082031250000000e-01 1.045434400582766082e-25
9.613438343755372544e+18 4.208769216242262967e-01 -9.041823801459178966e-01 -7.291666666666665741e-02 5.272440104684699839e-07
7.585775750291819725e+19 5.358087443624962587e-01 -8.126448353084969600e-01 2.291666666666666574e-01 9.176137208227847331e-44
9.549925860214369485e+19 5.555906713975542477e-01 -7.992506770375010783e-01 2.291666666666666574e-01 6.307150412394096739e-55
1.995262314968882790e+19 4.012144035224797234e-01 -9.051251912200326544e-01 1.406250000000000000e-01 7.707093542101044788e-12
1.044648065427020390e+19 2.064354520008862270e-01 -3.471382746618077025e-02 -9.778442382812500000e-01 1.321249643704804605e-07
2.280027098389778944e+18 4.090337232918908605e-01 -9.076906690662699395e-01 -9.375000000000000000e-02 5.786331553054716199e-03
5.727169131919425536e+18 3.076992861180162242e-01 -9.509703396123684316e-01 3.125000000000000000e-02 5.933995585587582345e-05
3.040036131186371789e+19 1.145213554771058739e-01 -5.000110363291357385e-03 -9.934082031250000000e-01 1.972012083670175904e-18
1.142720474037187994e+19 5.054886960507622984e-01 -8.433569389225352708e-01 1.822916666666666574e-01 7.526722241447356929e-08
1.258925411794171331e+20 5.694811988162228333e-01 -7.878829377324004790e-01 2.343750000000000000e-01 1.440649033526192671e-70
2.630267991895370547e+19 1.692034637641952610e-01 -7.278603501718217128e-02 -9.828898111979166297e-01 8.748949696950074371e-16
4.570881896148751974e+19 -1.447791223435463369e-02 2.841450264892595584e-02 -9.994913736979166297e-01 9.522804004782463136e-27
1.103770404941969203e+19 2.652093571686354734e-01 -1.018043339719013479e-01 -9.588012695312500000e-01 7.091344719286093308e-08
6.885571758345436160e+18 3.107913814944863184e-01 -1.020212056104347620e-01 -9.449869791666666297e-01 1.418283484441679670e-05
7.244359600749890765e+19 5.414580379439046798e-01 -8.103492198283976933e-01 2.239583333333333148e-01 2.842021080067809048e-48
5.997082297548711936e+18 4.135767336262697880e-01 -1.844917832780534617e-01 -8.915812174479166297e-01 7.658684260992858260e-05
3.019951720402019123e+19 1.728958688039870517e-01 -6.351879716932853914e-02 -9.828898111979166297e-01 2.169213292037193302e-17
2.741195490357957120e+18 -1.827953573468019845e-16 -9.950915778278343060e-01 9.895833333333332871e-02 3.003380364630640724e-03
6.964320436180135936e+19 5.470828783017586128e-01 -8.079905703466242484e-01 2.187500000000000000e-01 8.960684297525366610e-41
1.142720474037187994e+19 2.094150132157955035e-01 -7.327748239991219159e-02 -9.750773111979166297e-01 3.414997812381006243e-08
2.089296130854040781e+19 2.151405128201172301e-01 -5.421067174033379621e-02 -9.750773111979166297e-01 2.169641647084716143e-07
4.988155787422206976e+18 4.903536077325701403e-01 -8.533433262405046849e-01 1.770833333333333148e-01 3.337759711714130052e-04
8.709635899560833024e+18 5.490391546520804189e-01 -2.531105171624459249e-01 -7.965494791666667407e-01 1.649563399057463089e-06
2.187761623949552026e+19 1.772654937651845231e-01 -1.495216613061345345e-02 -9.840494791666666297e-01 2.152194603429909530e-13
8.297934537187781837e+19 2.121365140505968028e-02 1.417450870112759755e-02 -9.996744791666666297e-01 1.302723778528453812e-48
8.278278037064769536e+18 2.325191897192927515e-01 -8.286671650218928320e-02 -9.690551757812500000e-01 2.544806323422923905e-06
1.380384264602886554e+19 4.609948214553249435e-01 -8.753378853221548406e-01 1.458333333333333148e-01 1.324184842430839310e-09
7.210078757816528896e+18 4.634488445035670479e-01 -8.420309773352744331e-01 2.760416666666666297e-01 9.247929619057908236e-06
1.202264434617417933e+19 3.988776939333234517e-01 -8.851533266453461835e-01 2.395833333333333148e-01 1.173339334453171484e-07
9.504734908014069760e+18 2.913998330449847352e-01 -1.019652116120613738e-01 -9.511515299479166297e-01 4.042164018691700177e-07
5.469404059873880064e+18 4.135767336262697880e-01 -1.844917832780534617e-01 -8.915812174479166297e-01 8.146778221253234728e-05
3.962232981152777216e+18 6.179162994315297031e-01 -3.012628370505039954e-01 -7.262369791666667407e-01 6.755842844359751138e-04
8.668421261313272832e+18 2.222951466436491053e-01 -9.207766458951539834e-02 -9.706217447916666297e-01 1.554443228480134483e-06
7.943282347242789274e+19 -1.474399647745683675e-02 4.213592110506195892e-02 -9.990030924479166297e-01 6.614827770812544116e-45
8.278278037064769536e+18 3.939439423937673435e-01 -9.190016483261911340e-01 1.562500000000000000e-02 4.860860075457000142e-06
9.504734908014069760e+18 2.783546837894284587e-01 -1.018985131071309669e-01 -9.550577799479166297e-01 5.556172483431649343e-07
3.019951720402019123e+19 1.694939077663172866e-01 -5.402256733917097653e-02 -9.840494791666666297e-01 4.131530669489321261e-18
1.047128548050898534e+19 4.188418172981848153e-01 -8.581589400905603737e-01 2.968750000000000000e-01 5.433112837567879473e-07
3.162277660168379187e+19 1.661981929844391082e-01 -6.344117905997066764e-02 -9.840494791666666297e-01 1.579685885344786337e-18
1.096478196143182807e+20 -1.474399647745683675e-02 4.213592110506195892e-02 -9.990030924479166297e-01 3.213813667539316097e-72
1.318256738556410266e+19 4.208769216242262967e-01 -9.041823801459178966e-01 -7.291666666666665741e-02 6.934721242620047811e-09
6.309573444801943962e+19 6.199474965294999446e-02 1.488362256616268878e-02 -9.979654947916666297e-01 1.940756902786727149e-26
2.398832919019484774e+19 2.192745711386420437e-01 -8.275059027256846667e-02 -9.721476236979166297e-01 1.624003693147300533e-14
9.120108393559115366e+19 5.414580379439046798e-01 -8.103492198283976933e-01 2.239583333333333148e-01 3.857757266616543053e-51
1.103770404941969203e+19 2.848894128261148517e-01 -1.019350618511192380e-01 -9.531250000000000000e-01 7.091344719286093308e-08
6.065669528699967488e+18 5.490391546520804189e-01 -2.531105171624459249e-01 -7.965494791666667407e-01 3.478589684004780959e-05
3.613599426864819712e+18 9.150416832557185798e-02 -9.913818258769148128e-01 9.375000000000000000e-02 1.045619078548593430e-03
4.601280882009622118e+19 5.200961323364780564e-02 2.425248094852953604e-02 -9.983520507812500000e-01 1.357361016755940105e-27
3.801893963205627904e+19 5.546676400276069341e-01 -8.191925585569573842e-01 1.458333333333333148e-01 1.143089442899111865e-22
3.630780547701002650e+19 5.301356503751351035e-01 -8.148770162278061724e-01 2.343750000000000000e-01 2.344806751813977903e-21
1.318256738556410266e+19 4.883721505448236355e-01 -8.498950733048049599e-01 1.979166666666666574e-01 2.776273728348001781e-08
3.467368504525309133e+19 5.204073469877189551e-01 -8.330785936520058721e-01 1.875000000000000000e-01 9.492918810819169773e-21
8.317637711026742272e+18 3.656129978047739648e-01 -9.307669610789837122e-01 0.000000000000000000e+00 6.088392566591727725e-04
9.549925860214368256e+18 -1.464386698979964173e-02 3.535342229236199812e-02 -9.992675781250000000e-01 4.716944947400168529e-07
1.651733620018991309e+19 1.394631345345722362e-01 -4.426360924081868681e-02 -9.892374674479166297e-01 4.600793733242604830e-11
2.398832919019484774e+19 2.000687198521509946e-01 -3.471521605305770419e-02 -9.791666666666666297e-01 8.704548907126400613e-15
3.311311214825907814e+19 1.399002551475439227e-01 -4.996550284529596708e-03 -9.901529947916666297e-01 1.924608728760154333e-19
2.079409427756685568e+18 8.238971907614766055e-01 -4.339036899023819838e-01 -3.645833333333333148e-01 7.887987481721335514e-03
3.783903121090518016e+18 6.723575409654444224e-01 -1.432312368087881871e-01 -7.262369791666667407e-01 7.861056046693729992e-04
1.815390273850501325e+19 1.399002551475439227e-01 -4.996550284529596708e-03 -9.901529947916666297e-01 1.125236133713112904e-11
2.398832919019484774e+19 2.151405128201172301e-01 -5.421067174033379621e-02 -9.750773111979166297e-01 3.869764091292250134e-14
1.042173458675840819e+19 5.554971763861334955e-01 -8.204177066689394282e-01 1.354166666666666574e-01 1.173779239031093400e-07
7.943282347242788864e+18 6.179162994315297031e-01 -3.012628370505039954e-01 -7.262369791666667407e-01 5.011262894664329698e-06
8.317637711026674074e+19 5.414580379439046798e-01 -8.103492198283976933e-01 2.239583333333333148e-01 4.068998968018388696e-57
6.309573444801943962e+19 5.555906713975542477e-01 -7.992506770375010783e-01 2.291666666666666574e-01 9.051970192773491546e-37
1.042173458675840819e+19 2.088016812188371041e-01 -9.187493860420790914e-02 -9.736328125000000000e-01 1.106271844584635122e-07
2.884031503126611558e+19 1.826440046887660429e-01 -5.410161896273014276e-02 -9.816894531250000000e-01 4.819931177501461654e-17
5.727169131919425536e+18 3.988776939333234517e-01 -8.851533266453461835e-01 2.395833333333333148e-01 5.933995585587582345e-05
1.000000000000000000e+19 5.490391546520804189e-01 -2.531105171624459249e-01 -7.965494791666667407e-01 7.645729494948854319e-07
9.549925860214368256e+18 3.918221886746640070e-01 -8.839366940338081458e-01 2.552083333333333148e-01 2.235486132154649700e-06
2.754228703338174464e+19 1.760811404710072026e-01 -5.406524774523129018e-02 -9.828898111979166297e-01 9.906918383857167501e-17
1.995262314968882790e+19 5.582896308238931571e-01 -7.927103683219217656e-01 2.447916666666666574e-01 5.532082154565916035e-13
2.398832919019484774e+19 1.936899009150913065e-01 -3.471523467568958521e-02 -9.804484049479166297e-01 8.704548907126400613e-15
3.783903121090518016e+18 6.179162994315297031e-01 -3.012628370505039954e-01 -7.262369791666667407e-01 7.551905490926102320e-04
4.763651794908130304e+18 5.490391546520804189e-01 -2.531105171624459249e-01 -7.965494791666667407e-01 2.106401826417635050e-04
5.248074602497712128e+19 9.544264928656391589e-02 5.001937297998951606e-03 -9.954223632812500000e-01 3.231478765299836690e-16
3.467368504525309133e+19 4.849684331451890595e-01 -8.439717161976396653e-01 2.291666666666666574e-01 1.258198254521419419e-20
6.575669979738426368e+18 4.883721505448236355e-01 -8.498950733048049599e-01 1.979166666666666574e-01 2.093568574754892331e-05
1.103770404941969203e+19 2.686007188117179867e-01 -9.248664443632761967e-02 -9.588012695312500000e-01 7.091344719286093308e-08
3.147313529485428224e+18 8.581589400905599296e-01 -4.188418172981859255e-01 -2.968750000000000000e-01 5.730990179398052012e-03
3.467368504525309133e+19 5.214305346252672280e-01 -8.347165330913025594e-01 1.770833333333333148e-01 1.852333797489141658e-21
7.905694150420947968e+18 4.634488445035670479e-01 -8.420309773352744331e-01 2.760416666666666297e-01 3.936786466562365477e-06
3.467368504525309133e+19 5.301356503751351035e-01 -8.148770162278061724e-01 2.343750000000000000e-01 9.727400901116519616e-21
6.025595860743593165e+19 4.881775805645387212e-02 1.480870500757090064e-02 -9.986979166666666297e-01 1.759176734795329316e-18
1.380384264602886554e+19 3.020464662952874191e-01 -6.386469506908516724e-02 -9.511515299479166297e-01 5.927889660486038532e-09
2.741195490357957120e+18 4.335841686334089840e-01 -8.883643304641577476e-01 -1.510416666666666574e-01 3.003380364630640724e-03
8.372954771698573312e+18 4.135767336262697880e-01 -1.844917832780534617e-01 -8.915812174479166297e-01 1.826018514190595964e-06
8.709635899560833024e+18 4.692638288159013404e-01 -8.651201951293220338e-01 1.770833333333333148e-01 1.151729003728862944e-06
9.549925860214368256e+18 5.367427610091950463e-01 -2.274883700416928112e-01 -8.125000000000000000e-01 1.933830357101896287e-06
6.885571758345436160e+18 3.302249129709630138e-01 -9.410816471356469037e-01 7.291666666666665741e-02 1.510808623294424719e-05
5.469404059873880064e+18 4.310643196046937686e-01 -2.021993892485688671e-01 -8.793741861979166297e-01 9.228517519831930043e-05
2.290867652767770214e+19 4.970787910113194652e-01 -8.293258600356961940e-01 2.552083333333333148e-01 4.033356073472359916e-08
4.549252146524975616e+18 5.490391546520804189e-01 -2.531105171624459249e-01 -7.965494791666667407e-01 8.960922671610897176e-04
2.398832919019484774e+19 4.970787910113194652e-01 -8.293258600356961940e-01 2.552083333333333148e-01 2.223655679649454773e-08
4.763651794908130304e+18 4.609948214553249435e-01 -8.753378853221548406e-01 1.458333333333333148e-01 2.211940712045416899e-04
1.584893192461110886e+19 4.807309409501903663e-01 -8.608832584243736319e-01 1.666666666666666574e-01 9.195704434080058171e-11
4.988155787422206976e+18 4.680022331863079033e-01 -8.755705947151555257e-01 -1.197916666666666574e-01 3.337759711714130052e-04
3.019951720402019123e+19 5.010438764141228463e-01 -8.359412053718040525e-01 2.239583333333333148e-01 2.911198589996128176e-18
5.997082297548711936e+18 3.076992861180162242e-01 -9.509703396123684316e-01 3.125000000000000000e-02 1.019685031884239219e-04
3.311311214825907814e+19 1.208726259265859443e-01 4.999328788489286815e-03 -9.926554361979166297e-01 3.165827354277529265e-19
8.767559972984569856e+19 5.541572154520436611e-01 -7.971885642376752568e-01 2.395833333333333148e-01 3.536025019108423666e-51
1.659586907437556326e+19 2.585970860711160890e-01 -1.017456267218763977e-01 -9.606119791666666297e-01 1.553667261460134944e-10
6.575669979738426368e+18 3.710798941934154160e-01 -1.483978919918539363e-01 -9.166666666666666297e-01 1.716740603322435650e-05
1.202264434617418056e+20 5.611819262932583596e-01 -7.968171123490908059e-01 2.239583333333333148e-01 3.735697667461328575e-68
1.202264434617417933e+19 3.930523589785475114e-01 -1.575140665083687719e-01 -9.059244791666666297e-01 1.663346963698282656e-08
2.870384053742198272e+18 9.275327282249020699e-01 -3.318765168653394770e-01 -1.718750000000000000e-01 2.446369496877367697e-03
1.000000000000000000e+19 4.090337232918908605e-01 -9.076906690662699395e-01 9.375000000000000000e-02 1.811037612522626491e-07
2.772545903675557888e+19 5.042301644062402444e-01 -8.296696738411889482e-01 2.395833333333333148e-01 7.600922914015836886e-17
1.389564611567787827e+19 4.815289813981596390e-01 -8.500175272727457099e-01 2.135416666666666574e-01 1.324184842430839310e-09
9.120108393559115776e+18 4.609948214553249435e-01 -8.753378853221548406e-01 1.458333333333333148e-01 6.256655891775167218e-07
1.142720474037187994e+19 2.126104768211245777e-01 -8.267969260485844019e-02 -9.736328125000000000e-01 3.414997812381006243e-08
4.344502071873422848e+18 3.918221886746640070e-01 -8.839366940338081458e-01 2.552083333333333148e-01 3.508327568011234830e-04
1.584893192461110886e+19 3.524403595756209207e-01 -1.300221131670373509e-01 -9.267578125000000000e-01 4.805380074896499469e-10
1.096478196143182807e+20 -1.480870500757089543e-02 4.881775805645387212e-02 -9.986979166666666297e-01 1.618486517408977260e-87
1.000000000000000164e+20 5.611819262932583596e-01 -7.968171123490908059e-01 2.239583333333333148e-01 2.873151418892675568e-57
2.747704369288112947e+19 7.502072662046861684e-02 1.492255033461954185e-02 -9.970703125000000000e-01 5.126868474992366835e-17
1.210260182567000883e+19 2.913998330449847352e-01 -1.019652116120613738e-01 -9.511515299479166297e-01 1.663346963698282656e-08
5.248074602497712128e+19 5.358087443624962587e-01 -8.126448353084969600e-01 2.291666666666666574e-01 1.392590640440589857e-16
3.613599426864819712e+18 6.518650276968867008e-01 -1.165273143247368137e-01 -7.493286132812500000e-01 1.017821024717975630e-03
2.884031503126611558e+19 1.592090482744347169e-01 -4.438284956365363965e-02 -9.862467447916666297e-01 1.710989147249943260e-17
4.763651794908130304e+18 4.090337232918908605e-01 -9.076906690662699395e-01 9.375000000000000000e-02 2.378361836063020958e-04
6.575669979738426368e+18 4.609948214553249435e-01 -8.753378853221548406e-01 1.458333333333333148e-01 3.885706000037369903e-05
1.318256738556410102e+20 -4.988748567602212941e-03 3.149771882503148157e-02 -9.994913736979166297e-01 5.216686946419449393e-74
6.964320436180135936e+18 4.245267248728261111e-01 -8.835191299141786914e-01 1.979166666666666574e-01 1.339410431260032675e-05
1.985820586810697216e+18 4.498985956805042208e-01 -8.542683497162542050e-01 2.604166666666666297e-01 8.383890682285911541e-03
6.279716078773929984e+18 3.930523589785475114e-01 -1.575140665083687719e-01 -9.059244791666666297e-01 7.000394237140599427e-05
2.280027098389778944e+18 1.655312175498686866e-01 -9.204158778718891654e-01 3.541666666666666297e-01 5.905196806803592394e-03
3.981071705534985830e+19 1.081658951991099210e-01 5.000811139301707293e-03 -9.941202799479166297e-01 3.151223677783522606e-23
8.317637711026742272e+18 4.659885892830408771e-01 -8.718033319439408846e-01 1.510416666666666574e-01 5.793405919937844170e-04
3.019951720402019123e+19 1.826440046887660429e-01 -5.410161896273014276e-02 -9.816894531250000000e-01 4.131530669489321261e-18
6.575669979738426368e+18 4.880002293901014587e-01 -8.614408775361244164e-01 1.406250000000000000e-01 1.950133446627677251e-05
3.311311214825907814e+19 1.377651890239851296e-01 -2.485557479277769946e-02 -9.901529947916666297e-01 2.280318389105383701e-19
5.011872336272715776e+19 8.907488889637854568e-02 5.002338461766964346e-03 -9.960123697916666297e-01 1.244865812685438288e-28
8.278278037064769536e+18 2.222951466436491053e-01 -9.207766458951539834e-02 -9.706217447916666297e-01 1.993733452422443999e-06
1.995262314968882790e+19 2.845391540598499192e-01 -8.307891891365622172e-02 -9.550577799479166297e-01 3.676582024875653134e-12
1.373852184644056515e+20 -4.977425539690182900e-03 2.502320798480027822e-02 -9.996744791666666297e-01 2.419597787247461327e-78
1.202264434617417933e+19 2.515217023461066570e-01 -9.542892851992726966e-01 -1.614583333333333148e-01 5.441489563276896612e-08
3.005661086543544832e+18 8.581589400905599296e-01 -4.188418172981859255e-01 -2.968750000000000000e-01 6.419967694665172989e-03
1.000000000000000164e+20 5.526826165841803862e-01 -8.055692905783375934e-01 2.135416666666666574e-01 1.490392768287026626e-55
1.096478196143182807e+20 3.535342229236199119e-02 1.464386698979965214e-02 -9.992675781250000000e-01 5.216686946419449393e-74
2.511886431509571994e+19 5.054886960507622984e-01 -8.433569389225352708e-01 1.822916666666666574e-01 4.136562687644832711e-15
1.096478196143182807e+20 5.470828783017586128e-01 -8.079905703466242484e-01 2.187500000000000000e-01 6.646980282147053486e-61
5.011872336272715776e+19 1.018063146042409300e-01 5.001423523145664442e-03 -9.947916666666666297e-01 6.409471605230582766e-16
9.549925860214369485e+19 5.400955266384502851e-01 -8.083100775569577179e-01 2.343750000000000000e-01 2.203637236901640317e-63
2.187761623949552026e+19 2.204703154356003891e-01 -2.484103860083398257e-02 -9.750773111979166297e-01 3.379337797726522117e-13
3.783903121090518016e+18 4.712368665306109761e-01 -8.816221680627327473e-01 2.604166666666666435e-02 8.615939932654810562e-04
4.786300923226380698e+19 9.544264928656391589e-02 5.001937297998951606e-03 -9.954223632812500000e-01 2.447462955326351849e-28
9.120108393559115366e+19 4.499070349548731779e-02 2.404803203259817460e-02 -9.986979166666666297e-01 8.433749692909692642e-53
1.000000000000000000e+19 3.918221886746640070e-01 -8.839366940338081458e-01 2.552083333333333148e-01 2.001358690804373838e-04
1.318256738556410266e+19 4.807309409501903663e-01 -8.608832584243736319e-01 1.666666666666666574e-01 1.502148673330431700e-08
2.741195490357957120e+18 8.057644705230800897e-01 -3.750655590669662587e-01 -4.583333333333333148e-01 6.258619386663853701e-03
2.187761623949552026e+19 1.588857930676502161e-01 4.993187203452812382e-03 -9.872843424479166297e-01 3.379337797726522117e-13
1.584893192461110886e+19 2.894528033953094881e-01 -6.388827410059816359e-02 -9.550577799479166297e-01 7.630186320900873140e-10
2.290867652767770214e+19 2.151405128201172301e-01 -5.421067174033379621e-02 -9.750773111979166297e-01 4.261974754889159311e-08
4.763651794908130304e+18 4.993292278757452962e-01 -2.790900075501101529e-01 -8.202311197916667407e-01 4.207377660841324580e-04
7.996109730064949248e+18 4.188418172981848153e-01 -8.581589400905603737e-01 2.968750000000000000e-01 2.831365856330435524e-06
3.450960661507216384e+18 6.651864751860205871e-01 -1.525074227688796302e-01 -7.309366861979167407e-01 3.576100659389911188e-03
4.549252146524975616e+18 3.918221886746640070e-01 -8.839366940338081458e-01 2.552083333333333148e-01 2.883686891681970662e-04
6.885571758345436160e+18 4.883721505448236355e-01 -8.498950733048049599e-01 1.979166666666666574e-01 1.202379832523015975e-05
3.962232981152777216e+18 5.111480159714424376e-01 -8.410524352405227555e-01 1.770833333333333148e-01 7.033545788027439081e-04
7.943282347242789274e+19 -4.994750323374140023e-03 3.793889531080439637e-02 -9.992675781250000000e-01 1.695326975092696223e-46
1.096478196143182848e+19 4.425773672132141678e-01 -8.928498359669307938e-01 8.333333333333332871e-02 2.385031449028052439e-07
3.622179800374945382e+19 5.551277800551862596e-01 -8.091332684267095177e-01 1.927083333333333148e-01 1.852333797489141658e-21
4.786300923226380698e+19 1.018063146042409300e-01 5.001423523145664442e-03 -9.947916666666666297e-01 2.447462955326351849e-28
4.763651794908130304e+18 4.903536077325701403e-01 -8.533433262405046849e-01 1.770833333333333148e-01 2.228804829008803690e-04
6.309573444801943962e+19 5.526826165841803862e-01 -8.055692905783375934e-01 2.135416666666666574e-01 9.427114105485849864e-37
2.754228703338174464e+19 1.657431651645323301e-01 -4.441074725681476432e-02 -9.851684570312500000e-01 1.912971317419300661e-09
1.995262314968882790e+19 5.007885203065625124e-01 -8.472616779866295467e-01 1.770833333333333148e-01 1.734413391011995436e-12
3.450960661507216384e+18 4.549848169489185135e-01 -8.902554625320651116e-01 2.083333333333333218e-02 2.558254277486837584e-03
3.019951720402019123e+19 1.628804986604210636e-01 -5.397271928297389665e-02 -9.851684570312500000e-01 3.082220418442672997e-10
1.096478196143182848e+19 4.188418172981848153e-01 -8.581589400905603737e-01 2.968750000000000000e-01 2.385031449028052439e-07
1.096478196143182807e+20 4.213592110506196586e-02 1.474399647745682808e-02 -9.990030924479166297e-01 5.216686946419449393e-74
8.278278037064769536e+18 5.175495290743099552e-01 -8.515856037478061191e-01 8.333333333333332871e-02 1.693432325966712145e-06
1.595433641075460301e+19 2.151405128201172301e-01 -5.421067174033379621e-02 -9.750773111979166297e-01 1.045942128665373483e-10
1.819700858609990246e+19 2.880721011977865342e-01 -9.255916424910183571e-02 -9.531250000000000000e-01 3.476242033194128470e-11
1.513561248436207288e+20 5.555906713975542477e-01 -7.992506770375010783e-01 2.291666666666666574e-01 3.109351186770280410e-43
1.096478196143182807e+20 -4.994750323374140023e-03 3.793889531080439637e-02 -9.992675781250000000e-01 9.119747075861630529e-78
1.380384264602886554e+19 3.493497543495966973e-01 -1.207533428495772831e-01 -9.291788736979166297e-01 5.927889660486038532e-09
1.096478196143182807e+20 5.414580379439046798e-01 -8.103492198283976933e-01 2.239583333333333148e-01 3.302138369609508674e-32
3.162277660168379187e+19 1.562388102307279147e-01 -5.391467857205290565e-02 -9.862467447916666297e-01 8.096654940066393877e-19
2.617821370127246336e+18 1.864242169323851450e-01 -9.682294322955532495e-01 1.666666666666666574e-01 7.476768811618149380e-03
6.279716078773929984e+18 4.425773672132141678e-01 -8.928498359669307938e-01 8.333333333333332871e-02 3.332188793475114531e-05
2.290867652767770214e+19 5.554971763861334955e-01 -8.204177066689394282e-01 1.354166666666666574e-01 8.902364145152184647e-14
7.996109730064949248e+18 4.425773672132141678e-01 -8.928498359669307938e-01 8.333333333333332871e-02 2.831365856330435524e-06
8.689004143746845696e+18 2.155649627232328336e-01 -9.198230582359374907e-02 -9.721476236979166297e-01 1.106383194269423317e-06
3.748624716069794304e+18 6.672074730417558719e-01 -1.434076312029551881e-01 -7.309366861979167407e-01 6.936720382767515552e-04
1.047128548050898289e+20 5.414580379439046798e-01 -8.103492198283976933e-01 2.239583333333333148e-01 8.388570246883594888e-60
1.595433641075460301e+19 5.554971763861334955e-01 -8.204177066689394282e-01 1.354166666666666574e-01 9.195704434080058171e-11
7.549879301005047808e+18 3.524403595756209207e-01 -1.300221131670373509e-01 -9.267578125000000000e-01 7.292994268567154048e-06
4.344502071873422848e+18 4.680022331863079033e-01 -8.755705947151555257e-01 -1.197916666666666574e-01 3.790433378921611056e-04
3.450960661507216384e+18 6.620296840224823010e-01 -1.435815413523932882e-01 -7.355957031250000000e-01 1.166881673276794814e-03
1.733684252262654566e+19 5.417584586874566455e-01 -8.216685861685032455e-01 1.770833333333333148e-01 1.307432192814483353e-11
7.943282347242789274e+19 5.358087443624962587e-01 -8.126448353084969600e-01 2.291666666666666574e-01 5.694127458247079973e-45
5.223240327135101952e+18 4.188418172981848153e-01 -8.581589400905603737e-01 2.968750000000000000e-01 1.065927341758530860e-04
7.905694150420947968e+18 5.249234655038835795e-01 -8.403080874014495771e-01 1.354166666666666574e-01 4.356990920813778489e-06
1.096478196143182848e+19 4.529200563998806994e-01 -8.349893247884843106e-01 3.125000000000000000e-01 8.686082582828362421e-05
1.455052774133888451e+20 4.952699800760841826e-03 1.848372729107572096e-02 -9.998168945312500000e-01 3.073502727434133443e-82
8.278278037064769536e+18 5.397023701900572901e-01 -8.408241436234591415e-01 -4.166666666666666435e-02 2.071206438697627372e-06
3.613599426864819712e+18 6.651864751860205871e-01 -1.525074227688796302e-01 -7.309366861979167407e-01 1.017821024717975630e-03
1.513561248436207206e+19 4.880002293901014587e-01 -8.614408775361244164e-01 1.406250000000000000e-01 5.598896711657310605e-06
1.042173458675840819e+19 4.941001015004816144e-01 -8.477786196650058947e-01 1.927083333333333148e-01 2.443226729967347030e-07
9.120108393559115366e+19 5.611819262932583596e-01 -7.968171123490908059e-01 2.239583333333333148e-01 2.069546045857946504e-52
3.467368504525309133e+19 5.439881573793052816e-01 -8.141358111556500354e-01 2.031250000000000000e-01 1.563733442917858497e-20
9.076951369252506624e+18 2.222951466436491053e-01 -9.207766458951539834e-02 -9.706217447916666297e-01 9.199857320507550586e-07
3.613599426864819712e+18 5.242524687498596458e-01 -2.788697563442035787e-01 -8.046061197916667407e-01 9.447083785769111886e-04
1.142720474037187994e+19 2.160145562967935307e-01 -7.332706111142908711e-02 -9.736328125000000000e-01 3.414997812381006243e-08
9.076951369252506624e+18 2.781121514462000510e-01 -8.306971724809336655e-02 -9.569498697916666297e-01 9.504878631135315980e-07
1.659586907437556326e+19 2.783546837894284587e-01 -1.018985131071309669e-01 -9.550577799479166297e-01 1.553667261460134944e-10
8.709635899560833024e+18 4.181504918586380626e-01 -8.702490022290179095e-01 2.604166666666666297e-01 1.151729003728862944e-06
5.727169131919425536e+18 4.245267248728261111e-01 -8.835191299141786914e-01 1.979166666666666574e-01 7.165957178144270853e-05
3.162277660168379187e+19 1.728958688039870517e-01 -6.351879716932853914e-02 -9.828898111979166297e-01 8.096654940066393877e-19
9.120108393559115366e+19 3.779863772440379688e-02 2.375045822039111715e-02 -9.990030924479166297e-01 8.433749692909692642e-53
7.567806242181036032e+18 2.894528033953094881e-01 -6.388827410059816359e-02 -9.550577799479166297e-01 5.461031316020026811e-06
9.613438343755372544e+18 3.302249129709630138e-01 -9.410816471356469037e-01 7.291666666666665741e-02 3.725810220257749147e-07
2.089296130854040781e+19 2.045498802367510527e-01 -4.449710277414442583e-02 -9.778442382812500000e-01 2.169641647084716143e-07
1.819700858609990246e+19 2.652093571686354734e-01 -1.018043339719013479e-01 -9.588012695312500000e-01 5.370321765515181061e-11
7.943282347242789274e+19 5.470828783017586128e-01 -8.079905703466242484e-01 2.187500000000000000e-01 4.804590416843849089e-56
1.202264434617417933e+19 4.037599826403935332e-01 -8.815071845134245798e-01 2.447916666666666574e-01 1.173339334453171484e-07
4.763651794908130304e+18 4.544659213416431531e-01 -8.892401546983695892e-01 -5.208333333333332871e-02 2.081088727152371337e-04
6.575669979738426368e+18 4.634488445035670479e-01 -8.420309773352744331e-01 2.760416666666666297e-01 2.393006149233109701e-05
9.549925860214368256e+18 4.544659213416431531e-01 -8.892401546983695892e-01 -5.208333333333332871e-02 2.235411145930934844e-06
2.089296130854040699e+20 4.952699800760841826e-03 1.848372729107572096e-02 -9.998168945312500000e-01 9.919256344596975005e-60
1.096478196143182807e+20 5.457408011586566410e-01 -8.060084471267013884e-01 2.291666666666666574e-01 5.943241969133458482e-63
9.076951369252506624e+18 2.945182624212381861e-01 -9.257299918503300584e-02 -9.511515299479166297e-01 9.504878631135315980e-07
9.549925860214368256e+18 4.903536077325701403e-01 -8.533433262405046849e-01 1.770833333333333148e-01 1.699696726829777816e-06
9.976311574844414362e+19 5.555906713975542477e-01 -7.992506770375010783e-01 2.291666666666666574e-01 7.451963841435133132e-56
1.142720474037187994e+19 2.190074397870867551e-01 -6.383484738953641713e-02 -9.736328125000000000e-01 3.414997812381006243e-08
3.295641846391025664e+18 6.179162994315297031e-01 -3.012628370505039954e-01 -7.262369791666667407e-01 1.485789991647861429e-03
4.168693834703363277e+19 5.667471883984220860e-01 -7.943211327558165058e-01 2.187500000000000000e-01 1.947577895548728169e-25
3.981071705534985830e+19 1.441913947208027236e-01 -2.486110789369115615e-02 -9.892374674479166297e-01 1.275952580590853077e-12
5.727169131919425536e+18 4.188418172981848153e-01 -8.581589400905603737e-01 2.968750000000000000e-01 5.389296356787454307e-05
1.318256738556410102e+20 2.254987697806238450e-02 2.254987697806238103e-02 -9.994913736979166297e-01 1.043337389283889879e-73
1.581138830084189716e+20 4.994750323374144360e-03 3.793889531080439637e-02 -9.992675781250000000e-01 1.618486517408977260e-87
3.613599426864819712e+18 2.369721629973437493e-01 -9.712930382673308216e-01 2.083333333333333218e-02 1.879187907195661086e-03
1.737800828749369139e+19 5.397023701900572901e-01 -8.408241436234591415e-01 -4.166666666666666435e-02 9.262044844846686388e-11
1.096478196143182848e+19 4.312670044846137474e-01 -8.836167263620335888e-01 1.822916666666666574e-01 2.385031449028052439e-07
4.549252146524975616e+18 4.544659213416431531e-01 -8.892401546983695892e-01 -5.208333333333332871e-02 2.809176685293578429e-04
2.089296130854040781e+19 4.970787910113194652e-01 -8.293258600356961940e-01 2.552083333333333148e-01 6.351684677470162778e-13
8.317637711026674074e+19 3.035867196898785203e-02 2.329502832100474249e-02 -9.992675781250000000e-01 5.021813958003092077e-25
2.617821370127246336e+18 9.275327282249020699e-01 -3.318765168653394770e-01 -1.718750000000000000e-01 3.900616622357170118e-03
7.244359600749890765e+19 3.779863772440379688e-02 2.375045822039111715e-02 -9.990030924479166297e-01 1.744943512381940885e-41
1.202264434617417933e+19 3.076992861180162242e-01 -9.509703396123684316e-01 3.125000000000000000e-02 1.173339334453171484e-07
8.333333333333335040e+18 3.939439423937673435e-01 -9.190016483261911340e-01 1.562500000000000000e-02 1.620286691819000047e-06
1.202264434617417933e+19 2.960866124125366428e-01 -9.549338669103166755e-01 -2.083333333333333218e-02 5.441489563276896612e-08
5.727169131919425536e+18 4.312670044846137474e-01 -8.836167263620335888e-01 1.822916666666666574e-01 5.389296356787454307e-05
7.996109730064949248e+18 4.312670044846137474e-01 -8.836167263620335888e-01 1.822916666666666574e-01 2.831365856330435524e-06
1.445439770745927885e+19 5.249234655038835795e-01 -8.403080874014495771e-01 1.354166666666666574e-01 3.152089857516334186e-09
2.884031503126611558e+19 1.628804986604210636e-01 -5.397271928297389665e-02 -9.851684570312500000e-01 1.710989147249943260e-17
5.248074602497712128e+19 8.907488889637854568e-02 5.002338461766964346e-03 -9.960123697916666297e-01 3.231478765299836690e-16
3.019951720402019123e+19 1.657431651645323301e-01 -4.441074725681476432e-02 -9.851684570312500000e-01 4.131530669489321261e-18
1.096478196143182848e+19 4.364633248682128208e-01 -8.942633920209827059e-01 9.895833333333332871e-02 3.428814258901013878e-07
2.187761623949552026e+19 2.015311232326113811e-01 -2.485649326616597155e-02 -9.791666666666666297e-01 3.379337797726522117e-13
4.344502071873422848e+18 4.609948214553249435e-01 -8.753378853221548406e-01 1.458333333333333148e-01 3.776948899453508443e-04
1.737800828749369139e+19 2.585970860711160890e-01 -1.017456267218763977e-01 -9.606119791666666297e-01 1.813337450633994603e-06
