# rigidity, px, py, pz, Nparticles
2.511886431509571994e+19 6.700178329155030976e-01 -7.392507593316594017e-01 -6.770833333333332871e-02 1.301711069357580481e-15
2.754228703338174464e+19 6.608956378090586892e-01 -7.474172445978082280e-01 -6.770833333333332871e-02 6.349365916969251931e-17
5.011872336272715776e+19 6.608956378090586892e-01 -7.474172445978082280e-01 -6.770833333333332871e-02 1.095906455189596488e-29
6.025595860743593165e+19 6.603911510023919851e-01 -7.468467125540126927e-01 -7.812500000000000000e-02 1.476151379184611128e-34
6.918309709189361664e+19 6.560556361112593882e-01 -7.511818435298295293e-01 -7.291666666666665741e-02 4.680072497697176736e-40
7.943282347242789274e+19 6.560556361112593882e-01 -7.511818435298295293e-01 -7.291666666666665741e-02 7.051072662017079444e-56
8.317637711026674074e+19 6.608956378090586892e-01 -7.474172445978082280e-01 -6.770833333333332871e-02 3.954540983265453176e-47
9.120108393559115366e+19 6.560556361112593882e-01 -7.511818435298295293e-01 -7.291666666666665741e-02 1.130993993593748985e-52
1.047128548050898289e+20 6.516739142505245663e-01 -7.554711715761376345e-01 -6.770833333333332871e-02 1.745984744753427353e-60
1.047128548050898289e+20 6.608956378090586892e-01 -7.474172445978082280e-01 -6.770833333333332871e-02 1.310719089099582654e-60
1.202264434617418056e+20 6.560556361112593882e-01 -7.511818435298295293e-01 -7.291666666666665741e-02 2.196651605274326220e-68
1.318256738556410102e+20 6.652243930808555694e-01 -7.430744690624416782e-01 -7.291666666666665741e-02 4.589802614824557179e-84
8.317637711026742272e+18 5.065891376303703897e-01 -8.570754827522004682e-01 -9.375000000000000000e-02 7.181642242823170876e-06
1.047128548050898534e+19 5.078353612542945150e-01 -8.591839127100321383e-01 -6.250000000000000000e-02 2.928614693289951013e-04
1.096478196143182848e+19 4.724073081655844608e-01 -8.709154158588741090e-01 -1.354166666666666574e-01 8.476197100499141600e-05
1.148153621496879309e+19 5.078353612542945150e-01 -8.591839127100321383e-01 -6.250000000000000000e-02 3.446706040163323794e-08
1.148153621496879309e+19 4.724073081655844608e-01 -8.709154158588741090e-01 -1.354166666666666574e-01 3.093450255093133471e-07
1.202264434617417933e+19 5.078353612542945150e-01 -8.591839127100321383e-01 -6.250000000000000000e-02 8.966314702858039128e-08
1.258925411794171290e+19 4.724073081655844608e-01 -8.709154158588741090e-01 -1.354166666666666574e-01 7.778935148467983468e-08
1.318256738556410266e+19 5.165306183711478871e-01 -8.499090691601516312e-01 -1.041666666666666574e-01 1.582061079009978779e-08
1.380384264602886554e+19 5.723536635907829906e-01 -8.126797605140716474e-01 1.093750000000000000e-01 1.403541132449777787e-05
1.445439770745927885e+19 5.723536635907829906e-01 -8.126797605140716474e-01 1.093750000000000000e-01 1.101903129541343720e-05
1.445439770745927885e+19 5.165306183711478871e-01 -8.499090691601516312e-01 -1.041666666666666574e-01 1.036358745122950079e-09
1.513561248436207206e+19 5.165306183711478871e-01 -8.499090691601516312e-01 -1.041666666666666574e-01 1.416884183584450473e-09
1.659586907437556326e+19 4.960451115288863067e-01 -8.511158744279739841e-01 -1.718750000000000000e-01 6.282866989786087443e-11
1.737800828749369139e+19 4.960451115288863067e-01 -8.511158744279739841e-01 -1.718750000000000000e-01 6.282866989786087443e-11
1.819700858609990246e+19 6.656959133881470425e-01 -7.436011705869756128e-01 -6.250000000000000000e-02 3.324028743953279439e-11
1.819700858609990246e+19 5.959056891663262467e-01 -7.932662917452157902e-01 -1.250000000000000000e-01 1.638617598717198983e-11
1.819700858609990246e+19 4.960451115288863067e-01 -8.511158744279739841e-01 -1.718750000000000000e-01 3.285327353857138130e-11
1.905460717963252122e+19 4.960451115288863067e-01 -8.511158744279739841e-01 -1.718750000000000000e-01 1.086486739706839642e-11
2.089296130854040781e+19 5.159353245375049024e-01 -8.489295616342981132e-01 -1.145833333333333287e-01 1.515726552265682607e-13
2.089296130854040781e+19 5.670213782940269898e-01 -8.156944380586176324e-01 -1.145833333333333287e-01 3.568356508376218849e-13
2.187761623949552026e+19 6.018783130525909852e-01 -7.910623272865212607e-01 -1.093750000000000000e-01 4.391766707742660030e-13
2.187761623949552026e+19 5.670213782940269898e-01 -8.156944380586176324e-01 -1.145833333333333287e-01 5.525786622775763532e-13
2.187761623949552026e+19 5.655231357680612359e-01 -8.135391258568624995e-01 -1.354166666666666574e-01 4.391766707742660030e-13
2.290867652767770214e+19 6.018783130525909852e-01 -7.910623272865212607e-01 -1.093750000000000000e-01 8.918935669049355567e-08
2.290867652767770214e+19 5.670213782940269898e-01 -8.156944380586176324e-01 -1.145833333333333287e-01 9.739794249729762277e-14
2.290867652767770214e+19 5.655231357680612359e-01 -8.135391258568624995e-01 -1.354166666666666574e-01 8.918935669049355567e-08
2.398832919019484774e+19 5.159353245375049024e-01 -8.489295616342981132e-01 -1.145833333333333287e-01 3.200319744828540088e-14
2.511886431509571994e+19 5.635098843319044093e-01 -8.213507067776424364e-01 -8.854166666666665741e-02 5.645931703193133334e-15
2.511886431509571994e+19 5.670213782940269898e-01 -8.156944380586176324e-01 -1.145833333333333287e-01 2.752794580599170892e-15
3.019951720402019123e+19 5.616580051316609756e-01 -8.186514776562401341e-01 -1.197916666666666574e-01 5.921431412178038238e-18
3.019951720402019123e+19 5.716618262675648987e-01 -8.116974269921366503e-01 -1.197916666666666574e-01 5.921431412178038238e-18
3.019951720402019123e+19 5.554971763861334955e-01 -8.204177066689394282e-01 -1.354166666666666574e-01 1.020084827121614172e-17
3.162277660168379187e+19 5.616580051316609756e-01 -8.186514776562401341e-01 -1.197916666666666574e-01 3.336267561431819434e-10
3.162277660168379187e+19 5.716618262675648987e-01 -8.116974269921366503e-01 -1.197916666666666574e-01 3.336267561431819434e-10
3.311311214825907814e+19 5.709061384689302354e-01 -8.106244327609736233e-01 -1.302083333333333148e-01 3.652410071850522107e-19
3.311311214825907814e+19 6.134282871023601924e-01 -7.761690379495649328e-01 -1.458333333333333148e-01 7.238695264588042315e-20
3.467368504525309133e+19 6.134282871023601924e-01 -7.761690379495649328e-01 -1.458333333333333148e-01 6.765560728808944469e-20
3.630780547701002650e+19 5.834971210827257782e-01 -8.072741064545919665e-01 -8.854166666666665741e-02 6.758688940002590459e-12
3.801893963205627904e+19 5.834971210827257782e-01 -8.072741064545919665e-01 -8.854166666666665741e-02 1.203279222772429534e-22
4.168693834703363277e+19 6.108013395620482955e-01 -7.826695855764612686e-01 -1.197916666666666574e-01 7.290165013092167210e-24
4.570881896148751974e+19 6.640623013222897164e-01 -7.417763796876686300e-01 -9.375000000000000000e-02 4.357713605999155523e-26
4.786300923226380698e+19 6.108013395620482955e-01 -7.826695855764612686e-01 -1.197916666666666574e-01 1.188990043311266677e-27
5.248074602497712128e+19 6.633713461380477128e-01 -7.410045631968471547e-01 -1.041666666666666574e-01 1.078512375045507891e-30
5.495408738576225894e+19 6.633713461380477128e-01 -7.410045631968471547e-01 -1.041666666666666574e-01 2.936188780866395871e-31
5.754399373371590246e+19 6.633713461380477128e-01 -7.410045631968471547e-01 -1.041666666666666574e-01 5.579106143386511818e-34
6.606934480075965235e+19 6.591643613002554636e-01 -7.454593168346045351e-01 -9.895833333333332871e-02 7.033221833410947203e-39
6.606934480075965235e+19 6.584416525761882522e-01 -7.446419942010645832e-01 -1.093750000000000000e-01 2.748821040276564908e-37
6.606934480075965235e+19 6.534741414669404946e-01 -7.482260394802275894e-01 -1.145833333333333287e-01 2.748821040276564908e-37
6.606934480075965235e+19 6.298250507758038630e-01 -7.674440448739429099e-01 -1.197916666666666574e-01 4.026831497745797989e-38
6.606934480075965235e+19 6.341116267244111260e-01 -7.630710614699793837e-01 -1.250000000000000000e-01 4.026831497745797989e-38
6.918309709189361664e+19 6.591643613002554636e-01 -7.454593168346045351e-01 -9.895833333333332871e-02 7.033221833410947203e-39
6.918309709189361664e+19 6.584416525761882522e-01 -7.446419942010645832e-01 -1.093750000000000000e-01 4.654982830471932226e-40
6.918309709189361664e+19 6.534741414669404946e-01 -7.482260394802275894e-01 -1.145833333333333287e-01 4.654982830471932226e-40
7.244359600749890765e+19 6.591643613002554636e-01 -7.454593168346045351e-01 -9.895833333333332871e-02 2.097039443846702731e-41
7.585775750291819725e+19 6.499667948891653113e-01 -7.534921458153326368e-01 -9.895833333333332871e-02 1.245879382407903161e-43
7.943282347242789274e+19 6.298250507758038630e-01 -7.674440448739429099e-01 -1.197916666666666574e-01 9.011757938716859606e-24
7.943282347242789274e+19 6.341116267244111260e-01 -7.630710614699793837e-01 -1.250000000000000000e-01 9.011757938716859606e-24
8.317637711026674074e+19 6.646799155446059260e-01 -7.424662722488953870e-01 -8.333333333333332871e-02 4.080072005741536345e-47
8.317637711026674074e+19 6.262129157173167426e-01 -7.726620799187524646e-01 -1.041666666666666574e-01 1.186362294979635710e-46
8.317637711026674074e+19 6.341116267244111260e-01 -7.630710614699793837e-01 -1.250000000000000000e-01 4.080072005741536345e-47
8.709635899560832205e+19 6.166840107408119165e-01 -7.802884956554094753e-01 -1.041666666666666574e-01 2.274204227016045129e-58
8.709635899560832205e+19 6.262129157173167426e-01 -7.726620799187524646e-01 -1.041666666666666574e-01 2.382378362254776997e-66
9.120108393559115366e+19 6.166840107408119165e-01 -7.802884956554094753e-01 -1.041666666666666574e-01 2.251434209228279718e-51
9.549925860214369485e+19 6.217924139762999181e-01 -7.769050406487362226e-01 -9.895833333333332871e-02 1.261137373455604458e-55
9.549925860214369485e+19 6.166840107408119165e-01 -7.802884956554094753e-01 -1.041666666666666574e-01 7.279706454187624544e-53
1.000000000000000164e+20 6.166840107408119165e-01 -7.802884956554094753e-01 -1.041666666666666574e-01 1.591942958911231520e-57
1.000000000000000164e+20 6.262129157173167426e-01 -7.726620799187524646e-01 -1.041666666666666574e-01 2.527421707245908263e-71
1.047128548050898289e+20 6.511764667366053416e-01 -7.548944916631931124e-01 -7.812500000000000000e-02 4.589802614824557179e-84
1.047128548050898289e+20 6.312794141017837868e-01 -7.692161917141353555e-01 -9.895833333333332871e-02 4.589802614824557179e-84
1.380384264602886636e+20 6.640623013222897164e-01 -7.417763796876686300e-01 -9.375000000000000000e-02 1.423773004306774983e-78
1.380384264602886636e+20 6.312794141017837868e-01 -7.692161917141353555e-01 -9.895833333333332871e-02 4.216912210362440239e-40
1.380384264602886636e+20 6.476121581481841805e-01 -7.507624674617177085e-01 -1.302083333333333148e-01 4.216912210362440239e-40
1.819700858609990042e+20 6.456581945257616750e-01 -7.578498752007112316e-01 -9.375000000000000000e-02 3.645664182752398243e-52
2.630267991895370957e+20 6.369013965809134925e-01 -7.664281874962829422e-01 -8.333333333333332871e-02 2.052652331494746519e-73
2.754228703338174546e+20 6.511764667366053416e-01 -7.548944916631931124e-01 -7.812500000000000000e-02 3.665796204967417043e-76
1.145433826383885107e+19 5.635098843319044093e-01 -8.213507067776424364e-01 -8.854166666666665741e-02 3.437166950103481340e-08
4.560054196779557683e+19 6.217924139762999181e-01 -7.769050406487362226e-01 -9.895833333333332871e-02 6.445263076318577211e-27
4.560054196779557683e+19 6.166840107408119165e-01 -7.802884956554094753e-01 -1.041666666666666574e-01 1.886560609063460557e-27
5.740768107484396749e+19 6.184066423067281493e-01 -7.824681363947931789e-01 -7.291666666666665741e-02 2.789553071693255909e-34
6.294627058970856653e+19 6.511764667366053416e-01 -7.548944916631931124e-01 -7.812500000000000000e-02 1.143272967514092818e-36
6.294627058970856653e+19 6.312794141017837868e-01 -7.692161917141353555e-01 -9.895833333333332871e-02 1.143272967514092818e-36
6.591283692782050509e+19 6.413028777019352811e-01 -7.621620512168693073e-01 -8.854166666666665741e-02 2.013415748559340366e-38
7.567806242181036442e+19 6.560556361112593882e-01 -7.511818435298295293e-01 -7.291666666666665741e-02 6.229396912039515804e-44
7.567806242181036442e+19 6.506074895661239088e-01 -7.542348889996769445e-01 -8.854166666666665741e-02 6.229396912039515804e-44
7.567806242181036442e+19 6.598141223355064033e-01 -7.461941417824952127e-01 -8.854166666666665741e-02 6.229396912039515804e-44
7.567806242181036442e+19 6.549095614095264972e-01 -7.498695912452921775e-01 -9.375000000000000000e-02 6.229396912039515804e-44
7.567806242181036442e+19 6.499667948891653113e-01 -7.534921458153326368e-01 -9.895833333333332871e-02 6.229396912039515804e-44
7.567806242181036442e+19 6.542281296285558101e-01 -7.490893537878358099e-01 -1.041666666666666574e-01 6.229396912039515804e-44
8.297934537187781837e+19 6.462586919232199412e-01 -7.585547169909658827e-01 -8.333333333333332871e-02 2.071856822915126737e-48
8.297934537187781837e+19 6.413028777019352811e-01 -7.621620512168693073e-01 -8.854166666666665741e-02 2.071856822915126737e-48
8.297934537187781837e+19 6.506074895661239088e-01 -7.542348889996769445e-01 -8.854166666666665741e-02 2.071856822915126737e-48
8.297934537187781837e+19 6.363095938928193807e-01 -7.657160297525155146e-01 -9.375000000000000000e-02 2.071856822915126737e-48
8.297934537187781837e+19 6.406713458695305619e-01 -7.614115016504630074e-01 -9.895833333333332871e-02 2.071856822915126737e-48
8.297934537187781837e+19 6.591643613002554636e-01 -7.454593168346045351e-01 -9.895833333333332871e-02 2.071856822915126737e-48
6.964320436180135936e+18 4.724073081655844608e-01 -8.709154158588741090e-01 -1.354166666666666574e-01 1.712918942174371345e-05
7.636225509225901056e+18 4.724073081655844608e-01 -8.709154158588741090e-01 -1.354166666666666574e-01 4.803242114771268505e-06
8.372954771698573312e+18 5.078353612542945150e-01 -8.591839127100321383e-01 -6.250000000000000000e-02 2.076873332605557200e-06
8.767559972984568832e+18 5.723536635907829906e-01 -8.126797605140716474e-01 1.093750000000000000e-01 1.134403282142510899e-06
1.054092553389459661e+19 5.723536635907829906e-01 -8.126797605140716474e-01 1.093750000000000000e-01 1.472153235239036608e-07
1.155789501508436378e+19 5.129229594425163130e-01 -8.557602580594362296e-01 -6.770833333333332871e-02 3.437166950103481340e-08
1.455052774133888410e+19 5.670213782940269898e-01 -8.156944380586176324e-01 -1.145833333333333287e-01 7.871433502356102647e-10
1.670624112090905190e+19 6.018783130525909852e-01 -7.910623272865212607e-01 -1.093750000000000000e-01 5.354563656363038074e-11
1.670624112090905190e+19 5.655231357680612359e-01 -8.135391258568624995e-01 -1.354166666666666574e-01 5.354563656363038074e-11
2.202311493358655078e+19 6.134282871023601924e-01 -7.761690379495649328e-01 -1.458333333333333148e-01 9.497939154093053584e-14
2.306103236396453888e+19 5.834971210827257782e-01 -8.072741064545919665e-01 -8.854166666666665741e-02 1.557128437144956748e-14
4.394189128521366733e+19 6.298250507758038630e-01 -7.674440448739429099e-01 -1.197916666666666574e-01 3.588187561345522309e-26
4.394189128521366733e+19 6.341116267244111260e-01 -7.630710614699793837e-01 -1.250000000000000000e-01 3.588187561345522309e-26
1.103770404941969326e+20 6.467880795760270196e-01 -7.591760927746455945e-01 -7.291666666666665741e-02 3.510591034202193140e-63
1.155789501508436623e+20 6.319016879832634048e-01 -7.699744346325996247e-01 -8.854166666666665741e-02 1.877557597041545894e-65
1.267297987735209411e+20 6.418637176901433872e-01 -7.628285864386492587e-01 -7.812500000000000000e-02 1.093864620145452449e-72
1.389564611567787868e+20 6.549095614095264972e-01 -7.498695912452921775e-01 -9.375000000000000000e-02 1.423773004306774983e-78
1.389564611567787868e+20 6.591643613002554636e-01 -7.454593168346045351e-01 -9.895833333333332871e-02 1.423773004306774983e-78
1.389564611567787868e+20 6.449863887691819064e-01 -7.570613342775112109e-01 -1.041666666666666574e-01 1.423773004306774983e-78
2.177408974890208256e+18 5.165306183711478871e-01 -8.499090691601516312e-01 -1.041666666666666574e-01 6.582165746501140481e-03
3.450960661507216384e+18 5.397023701900572901e-01 -8.408241436234591415e-01 4.166666666666666435e-02 2.494392355821529149e-03
3.613599426864819712e+18 5.397023701900572901e-01 -8.408241436234591415e-01 4.166666666666666435e-02 2.077457300747612579e-03
3.962232981152777216e+18 5.344095307226021108e-01 -8.439248709736242304e-01 4.687500000000000000e-02 5.562726980033734329e-04
5.469404059873880064e+18 5.078353612542945150e-01 -8.591839127100321383e-01 -6.250000000000000000e-02 1.697527632434925066e-04
5.727169131919425536e+18 5.078353612542945150e-01 -8.591839127100321383e-01 -6.250000000000000000e-02 1.261538811653210444e-04
5.997082297548711936e+18 4.724073081655844608e-01 -8.709154158588741090e-01 -1.354166666666666574e-01 3.873389699601903025e-05
6.279716078773929984e+18 5.078353612542945150e-01 -8.591839127100321383e-01 -6.250000000000000000e-02 3.547815430433470558e-05
6.575669979738426368e+18 5.723536635907829906e-01 -8.126797605140716474e-01 1.093750000000000000e-01 2.070029124413221320e-05
6.575669979738426368e+18 5.165306183711478871e-01 -8.499090691601516312e-01 -1.041666666666666574e-01 2.298336759048321917e-05
6.885571758345436160e+18 5.723536635907829906e-01 -8.126797605140716474e-01 1.093750000000000000e-01 1.649204648592034173e-05
6.885571758345436160e+18 5.349903634682576792e-01 -8.448421061121363929e-01 -5.208333333333333044e-03 1.608918809097798831e-05
6.885571758345436160e+18 5.165306183711478871e-01 -8.499090691601516312e-01 -1.041666666666666574e-01 1.518337608502929944e-05
6.885571758345436160e+18 5.914097044606725362e-01 -7.974236753865302507e-01 -1.197916666666666574e-01 1.624944854701038615e-05
6.885571758345436160e+18 5.120919122750541286e-01 -8.426055397424708771e-01 -1.666666666666666574e-01 1.608918809097798831e-05
6.885571758345436160e+18 5.064522612829133186e-01 -8.449645503903838728e-01 -1.718750000000000000e-01 1.445129594963308899e-05
7.210078757816528896e+18 5.723536635907829906e-01 -8.126797605140716474e-01 1.093750000000000000e-01 7.623163213935705848e-06
7.210078757816528896e+18 5.064522612829133186e-01 -8.449645503903838728e-01 -1.718750000000000000e-01 8.564594710871856727e-06
7.549879301005047808e+18 5.349903634682576792e-01 -8.448421061121363929e-01 -5.208333333333333044e-03 7.082935566650475601e-06
7.549879301005047808e+18 5.120919122750541286e-01 -8.426055397424708771e-01 -1.666666666666666574e-01 7.082935566650475601e-06
8.278278037064769536e+18 4.960451115288863067e-01 -8.511158744279739841e-01 -1.718750000000000000e-01 1.948624938187411023e-06
8.668421261313272832e+18 5.959056891663262467e-01 -7.932662917452157902e-01 -1.250000000000000000e-01 1.433693142520283037e-06
8.668421261313272832e+18 5.033851489798006895e-01 -8.398473826604354597e-01 -2.031250000000000000e-01 1.724663446455428803e-06
9.076951369252506624e+18 4.960451115288863067e-01 -8.511158744279739841e-01 -1.718750000000000000e-01 8.235139922230737191e-07
1.042173458675840819e+19 5.670213782940269898e-01 -8.156944380586176324e-01 -1.145833333333333287e-01 3.899339147961594158e-07
1.142720474037187994e+19 5.635098843319044093e-01 -8.213507067776424364e-01 -8.854166666666665741e-02 3.647320934341554785e-08
1.142720474037187994e+19 5.670213782940269898e-01 -8.156944380586176324e-01 -1.145833333333333287e-01 3.059258047473220151e-08
1.252968084068178944e+19 6.018783130525909852e-01 -7.910623272865212607e-01 -1.093750000000000000e-01 1.283597666141792961e-08
1.252968084068178944e+19 5.655231357680612359e-01 -8.135391258568624995e-01 -1.354166666666666574e-01 1.283597666141792961e-08
9.952679263837464166e+19 6.555186630836495887e-01 -7.505670109354528607e-01 -8.333333333333332871e-02 5.504476568311940748e-58
9.952679263837464166e+19 6.319016879832634048e-01 -7.699744346325996247e-01 -8.854166666666665741e-02 2.574918611724171562e-56
1.196575230806595011e+20 6.363095938928193807e-01 -7.657160297525155146e-01 -9.375000000000000000e-02 3.760377498661069352e-68
1.438599843342897480e+20 6.413028777019352811e-01 -7.621620512168693073e-01 -8.854166666666665741e-02 3.975743350006994712e-82
1.438599843342897480e+20 6.363095938928193807e-01 -7.657160297525155146e-01 -9.375000000000000000e-02 3.975743350006994712e-82
1.185419219598254592e+18 8.563197766359386121e-01 -5.132583219712388845e-01 -5.729166666666666435e-02 2.067337054772485153e-02
